299216241
73565021
23756989
437495225
346964516
386577642
611640329
236544673
132434206
1066801298
192841645
282108281
246473366
529613477
200000674885
558272257
335578414
371392763
1051701354
873560683
271357544
622771104
635014727
683437967
203171002
806263833
506698382
740195192
124539507
486135429
1095562291
1116022399
1119698633
582210180
623312979
248540637
1106726291
247808503
1097041954
393065098
632781619
866075762
796938033
530829806
326801651
537186007
1084032810
523575188
190416365
820557039
1040176768
461439372
333172099
712019443
698049967
187496129
562427890
189893741
605701361
425386160
1039382343
484892054
99571022
310143644
195224880
505143820
1119172703
560805133
831783259
528309912
1110087506
193238206
649327623
317975398
465613584
580722455
815162360
404967505
485406674
604345198
1109974720
426273947
67889790
1096212309
1068498328
156541392
217575440
365707328
1114138524
370077411
69070604
183171758
337648893
601509251
563135819
1068476078
731499781
166041113
62140049
891078930
432985202
256751496
867414113
1051201984
213305431
577445116
107250751
35890436
546053395
326088405
861700139
811186759
753290620
883262250
252291473
591651073
529130774
1055643873
187611692
753638867
221463539
508151196
849422880
503477952
1091167892
267023376
880205346
1051831291
527914520
1024717921
651189511
559510942
799828934
846699168
581965627
32442688
413372381
310023233
306024761
297506500
834691403
648966343
670586748
1047267047
560182657
225193175
277508448
461394141
604441358
334724336
620338888
710602043
255186888
480235387
521910778
650889318
614584730
575828170
161479371
1116778105
1105002940
1073030665
768040187
238955470
818988824
878781432
1103764530
551172966
575239591
768468605
524022046
333116056
384840182
177818646
53387731
329646043
379009967
290299984
306912725
281074117
587720759
280563863
1068452330
432024360
141892655
581651209
149239719
718758583
614611173
8101876
136913836
484164044
1054979803
1059884643
616700801
401268099
695655895
20528522
309749157
512278358
571291681
396375302
371527904
340127173
492173473
325116220
504470301
557739642
494372150
570651855
571228216
532144341
433525100
221832331
535973013
500031291
349038092
98090360
544087621
422140250
526271060
508369972
1636251
510263556
348961402
161634863
530134474
241673214
20144068
116034230
510147970
509130314
475445746
224000701
286387385
462503726
378245356
404720952
132211824
278215035
263792467
383114448
371429943
156718673
173656239
169188103
495057318
216242617
406447103
143691065
389244382
264434961
450149341
349867327
438601777
150586241
224520944
342392352
1202253
401424127
271859070
396885343
462957718
284422775
255224825
189055926
187324683
245207207
373245870
7365939
398309578
178845027
332393787
225199814
297684009
370703286
471417142
277809029
270242539
266589319
115069974
171422927
252637957
376527528
454855666
356506535
423874139
440172768
298487580
390385614
291074847
458267900
354307779
420903262
217590283
276514359
296209073
421298946
208652473
134682578
55178901
449276144
451055670
392731461
329226656
425245700
420294499
348720108
286210165
248429761
398651021
130035023
291646979
118419695
433526164
182241660
49690328
271768712
411911649
254567577
341262776
382021729
398319486
428294707
441551993
248956343
181889513
11912765
220970810
353330485
425598191
217132729
330766487
150640567
234462038
136631643
19050405
351234013
372886117
380501857
383287198
430359613
161137285
258215727
215989998
380845697
178168448
399098234
173731192
439119861
396756747
224910709
254518154
317511224
278079589
127717826
257006817
308791997
150895416
277644628
414292912
98623267
135213543
428006205
168119824
322875159
2043063
2028922
55518061
408038397
2228091
393957796
388385031
239955658
382700973
184341307
380404405
198178642
403264901
248831
358234752
303866511
226331328
289322824
70993103
252222450
138676928
405350488
96486921
371185125
359148519
359156907
177806302
277338330
237065319
278339414
240437904
267289610
300297641
142585191
430375195
237622146
42056785
425888245
312410054
71079958
343746234
211140285
181747512
155897031
164166289
426653889
409245001
323411937
133689640
134692640
302384808
212607407
236214193
243173780
156240296
408830497
15771975
255699234
207088921
185284474
23940990
330978616
399034383
374163354
401000376
367745553
262559126
55684809
317886999
368131017
415109793
198004128
323034004
417866429
203686186
286007134
231721249
303999614
288506524
361543019
210267403
424222994
398269473
434160155
101718201
263840660
215761098
282581467
370570075
363671761
367786024
380493899
419681210
141248351
161955320
213329641
392483042
406145375
378106734
420721989
428731019
181157309
433343693
91848207
153545650
328731929
131071273
422419269
71024201
368677016
312834497
261689021
411479249
339352939
410754087
421695886
121500891
186641182
134296571
329061045
256062474
294037624
110156673
381671796
413723047
298384042
125572011
137045125
194403285
321958631
267008300
229413481
210115696
213061946
343095315
240667511
68922071
394419011
336926849
225846631
182619724
373103839
285876249
220549837
386035696
422963962
173869527
70097885
184265676
157049064
327596307
166262314
354034717
268821166
223103758
292729894
390239406
32876253
408433018
299684890
158204355
247106809
281892375
392600577
351844397
82788251
434317983
173326506
421005418
269345024
320462477
151940164
272200462
236169748
247742713
198143466
398442470
267117873
359588822
320380470
238675999
183624726
180930157
370693196
