787828608
1024717921
549223008
623907880
797526128
722699270
1118033100
584789443
618245194
263098364
210213689
1115143600
1095636070
650633553
1072310348
343823828
738808163
384840182
333331255
307476384
534556672
703875334
1106514944
782342358
1115997587
1097104359
845546593
799753553
559064016
552906307
567542460
329452961
1043478064
584232347
862300630
669007082
694878403
299689928
581651209
1085833710
1098617416
782770292
1074164236
443488687
759916607
845942835
303284505
895641655
704579160
734596930
613192981
739298422
697978935
649021614
784677027
164565497
1104495066
139396033
1018170228
395258546
1115446385
559984955
669909224
771299461
791898946
693028578
552646430
1043439484
1070015111
458781244
570353837
501435985
795169171
673393740
440786366
379370028
315727263
772838665
208315764
795025005
556284988
1056839924
678495095
534400424
361334393
281074117
532958849
786641925
534455876
323906190
331944148
740168135
668781468
561620553
350521368
656980459
564306168
1079985422
1096061359
1107142694
803769840
619084160
805368703
580148845
587446260
661355435
1092685852
579734146
869492972
731344301
332747252
654762124
597589954
1108859579
466745800
614291696
1114796998
840239803
610776735
1057244068
837862192
412851206
412680753
331667387
883831964
183277946
564476174
692197545
760076930
614427284
570245907
681000817
596701732
605374511
297610722
532073447
368912464
49448676
357291093
540481529
293629679
1067900846
744992594
500051422
499087132
833444361
136742628
259794774
454963979
488109849
300781857
473943334
840658024
708900669
602140919
774095129
700818601
334345623
864527994
597594806
1118145570
575828170
736585188
600965480
792226409
613177899
866298026
1034395424
733939061
813161104
1085815661
707078623
708924245
771683353
615215495
1078973936
1117196167
1086700350
879344355
1079180250
731535907
666782551
275144529
357436189
521074436
238955470
1026142244
878781432
324328570
797109582
1118097881
632209354
847473733
620338888
812692063
575740785
205516698
532079102
1071607636
52261196
587342518
1117662965
879799107
540432714
577799875
852775684
751287995
846822862
700859150
669746790
383073199
1116778105
661212120
850687885
715400555
206100454
1105192597
550617574
744272483
310723071
679860263
565069099
516466274
716453990
1115905068
1064981626
483476306
886464124
821392522
699604215
729396168
802700117
512341118
735268750
1037275554
623390971
1118006576
838772213
1042108976
777341904
192165380
237399087
445637148
200000586192
451266106
826242955
546097979
646449774
666149161
249899343
789523971
672325788
1098928323
639605696
1094080010
1082670563
1113780697
400134729
883527157
1068380790
892334812
692562159
368289513
88489107
591038804
1023137562
851212203
1096935951
816153715
388610496
26812971
1087531168
883092073
644207197
696382391
452854955
1080116427
1110299545
595766301
741109970
405603646
307488718
1102312810
377245304
882127579
753638867
639730829
852105989
434906925
832508863
818988824
620591008
773332297
1117803495
834851605
454968941
831577514
687178476
1096310729
516977955
658995320
628884594
565767106
563271247
766019288
1083283919
324019599
1087175362
704745040
368035401
786127524
1073794939
1097854175
791350553
781887124
266777498
494983609
803827103
600139961
509113488
348634070
625520494
550928207
1069509225
377881783
350554894
525579838
434308593
700121039
719565446
879205945
973400422
427992836
285365535
755386417
564431069
492197843
1084049682
803054465
1045416622
527321498
277343647
481380386
735336225
545408580
862310451
559023997
1103100326
2737456
444406982
484159236
242420190
620337335
859855269
734025670
167532379
589325606
786693001
647375300
1088518158
258389842
750732542
470251726
162178112
633367648
630309611
775797947
531650341
559694511
561573393
676535464
712610828
876404959
876726864
824831159
808511422
755776838
524044773
653938507
359319987
378953322
351167896
722033956
621642992
242755909
502390342
1117503348
830581647
1110180913
331661788
704377072
601850296
1115018832
420230083
586042188
791294680
561723597
1108593757
628389341
1115538804
603893547
628865457
893473452
288900425
1103453990
861298290
948587671
1113402957
580956845
877988206
684837081
504014032
872485504
744443256
862196764
642766008
435371423
661874705
626035257
1117179292
1068659059
891026990
537615293
469414338
1076480314
630299633
1117268008
729414598
662016608
615617689
775399234
1075259717
507118173
799684617
852858699
570033545
876554880
1103219537
1090120122
621917507
369508727
849219673
842783847
393057221
569481422
867392345
707410135
533061948
867980670
792894102
1085687479
1085647995
583858512
1030356978
1077864675
662394769
381607379
757476767
562008328
1043776539
1027332554
547816258
577348452
675228834
1108128387
490735889
812073219
825775131
573699450
792798833
652494966
655576771
582933641
1099177084
1096187020
785573705
1043390363
1102967301
661099608
703165564
360818362
589481915
671780995
437135686
539522349
613436594
577215543
643701232
217918009
606625118
486088195
410691220
644361549
738713357
843468998
1074416561
280168329
823846102
1101021760
157040300
682397397
325651308
1071082474
1109940249
698817326
233445133
313346982
852901964
596022989
1043844671
1033131905
862435799
583057741
643470849
744659635
601627132
543337241
121562325
829457409
772002217
264625561
892800851
559985418
587375028
403036736
789213253
794611201
1088144929
1107588581
516568832
589927659
648128499
851302736
478283128
637740302
780180577
696420080
1087841288
547697396
1044493375
1109472309
649126113
774113697
169033843
764451410
705595296
1112207858
492844084
414162616
421324189
683888976
1102244925
736283447
873533178
1045987393
172413530
272129345
772818933
633094900
281322737
617483095
577465962
700348037
574975191
252110052
787499460
741010794
599655911
721690705
728625231
536108434
732610890
499506487
309121061
84881145
662051529
485311869
528241918
1095313570
1077490281
617910153
617393878
574497469
1080752862
118898070
739561402
567285266
535099874
1043519039
140245162
448832904
1075914999
700757557
1081263942
1113627869
553765264
1099378081
803510530
881694151
1115223415
1068889175
324867093
450729245
602858303
1074520517
288928011
484164044
780556427
674516464
684363953
589024374
376854343
437728967
343085997
426194929
514951385
429999740
199674758
591076895
423494050
480860719
626418259
513962463
442729480
443143537
348615989
531340087
531276036
735517993
419116518
252407790
420343994
414666757
672507089
286282857
391397076
546228148
383834346
617581695
245128728
252648390
354241189
660805227
519891547
563520301
387286500
345145757
274679052
514766842
662628695
363209783
548080578
276823751
427547156
505080545
386940214
253286650
452602671
537712082
568539789
591549070
486718364
539506611
268218772
459363714
453360342
270386759
447565583
576614163
176438873
714494038
189693294
218549830
548604719
622634272
339871883
121637645
489392023
185881073
324039738
627665918
460384518
650581783
557314930
391901011
232439130
316120703
429532607
558983322
646664611
378118973
535967118
530688159
494352044
652154913
196287015
572736251
390750452
537842801
256785396
651652261
537464136
326332971
326001170
483919169
489217525
255743270
298725872
527372089
389442156
561097093
488905960
665366725
606320658
671781092
402208482
342330382
452128997
257282636
280803218
493819242
230591756
581654699
466772199
428954129
515126622
561550514
576415689
539058452
503152140
487396926
604052342
663726547
461986176
465957568
656940863
430351038
560975109
386513806
260356799
568642654
518866336
608408372
511676412
177175932
552389096
575092421
659059633
379480316
565899816
416929427
393098537
669397811
649220293
408051943
621756474
597867055
228985673
304642858
272435258
613411066
650007040
559576209
625473074
581474833
86620762
307426835
420683092
136498866
510635885
552671700
304096200
606854184
547267336
674063516
212804901
427261268
373796053
581264920
632552008
730010680
565723922
596011060
348138829
140120189
699175082
388005742
389043707
337920484
310300768
296175851
309397244
352439679
549175813
361970173
591575157
152496434
427815806
339101554
712854991
26335187
135502668
405936846
566175692
623479790
204005537
281525085
515221662
610439051
637492364
525702485
523866137
377207767
583544894
561212046
445355111
704956443
536314753
674509945
404516221
369902448
738918604
443081538
561523681
317465033
570437358
341087285
477810235
503607970
387241780
585105628
349432958
252260859
678323257
563145040
247279288
532220447
253976504
207666383
646803683
582742563
498809860
501903396
652502277
508679712
317658068
515349497
233950626
598429824
432338970
241391694
407455158
621960066
454880542
535825287
617010797
744145525
620475688
230491547
561146595
680945853
615768628
409858184
232260686
210208140
607015845
614450545
530329082
610231171
266388341
302054436
708694732
624431886
567272161
560507434
575404880
708251110
556852977
529517838
581543739
347759852
456416983
212167144
248238153
505641481
559697633
542313718
576081809
405665444
493222931
265871743
537728190
720293724
421004027
283861377
665134221
553722491
506579381
617843590
492195814
520685605
651846302
355270823
623035277
465061296
458206843
390933594
567941038
468039875
702238670
642777710
517807913
696401062
723130148
660469434
491761397
537211238
599188309
652904364
703336965
361162496
769667269
528853854
1111462923
1105339042
592052813
1108314975
1112478551
4897897
1044497566
514636585
505799841
458331599
345239798
650792664
536120417
200124347
443686568
309334007
500060281
408253159
299002156
450275314
483188685
310633376
714859622
254933609
556943920
543067011
446863938
672869512
604677216
235817491
306309680
420821565
187974235
526700605
83559940
463906179
585267447
703134897
293739923
161821952
486539947
453299651
388147795
428155850
384379347
534198955
421966123
265229705
595376123
579207560
598560658
435175001
479310244
582788191
447938974
472825974
157298393
473844248
544130769
393656805
463940907
417759704
597991990
341305362
620308703
474455649
476911736
425647492
377622332
226454680
457668285
517946288
220059924
339433590
484627842
507070728
601935921
489261624
407112180
437973402
509746515
599676597
646485579
471054165
601026359
319786355
496253309
535054014
602523040
352903072
528737819
562878610
322546447
314637332
420273478
398211028
572327831
480304680
521586915
287820018
263480248
381225126
597640965
321496182
488941492
566876758
614938820
560695183
733102874
354063603
275354796
474380993
479976671
703588176
594787116
578795839
675243391
668530995
614658755
654411955
667139849
401541354
389088415
587273389
382484924
609105363
673256214
388440874
424196476
82358372
422880914
298840919
257174162
231950194
625402520
688675016
580087429
601102186
450115132
397739029
664039071
550724744
198212876
284356332
209378067
626597621
591886703
372265363
499210765
274584464
537315158
188432184
539882605
566787470
447118662
525564808
327170883
490802559
572431250
430404012
423110521
521199591
548380760
308947599
438344127
278722264
529485476
623218744
560957065
273834810
587020642
221578086
406284164
715319358
224702086
666828104
476336363
538441845
577035024
577898344
277740183
707597244
435703712
336054864
673597497
508704011
484975962
291104534
542127535
585475034
679881394
158794260
206779228
325412789
261712986
314630623
705620214
444812973
596092971
431778241
546630509
505265538
299636287
581885231
364233226
281061391
496459044
558175807
240409836
347964363
605907060
216890280
621038297
574054041
596596124
384851521
537096543
532838788
215320773
674735797
259787801
689191989
305370635
561428384
240291998
192503537
538540913
591797014
175359053
209940902
295459539
576499782
361475070
122715412
509110023
122721216
456872323
194651904
574023661
467789460
587894856
541720479
205803677
451359900
416256846
625163001
554410981
132643233
226466103
732114668
634713675
477222758
180721699
563552329
152379370
252775711
325035971
447294124
704397113
223186462
613307267
545760201
615240490
464935061
563223734
707831859
492912620
589742448
299101758
525744670
518228102
582467355
599679015
501012194
527562869
427759130
354599598
586786273
549067871
290542135
542585515
599099187
543996387
343664871
693061899
538253846
419397932
561259347
539827025
528996156
430923579
681661989
685579767
532103507
483632083
409283266
270897533
533242094
611928963
687415204
404379628
570087107
248827886
571606493
546823953
628408119
310992587
594326888
361279269
578416186
540649744
234729352
222332584
504930851
437357032
719171495
323709389
362937829
387877002
653821265
498206865
507465655
355881673
703318125
256530266
590301158
490673977
368276342
572022393
568290953
617453001
715915530
531819345
349512199
498547783
256033902
507099631
152492064
639294716
442323832
480950990
520776259
5602772
518131193
138960669
467499761
613897202
612270060
310781759
137687898
516255304
652858556
649272178
592549733
496479709
497950943
320422220
605732095
419016787
536224866
362000883
218801199
409801952
426658059
388236876
428565085
172521397
606229623
312591219
594992882
501640367
706547286
489785670
277393736
597260700
676724150
471075152
435334758
305954453
536115814
367988532
598724641
462887179
393214473
408528931
329130639
489344580
381120337
646935462
521745168
387066125
237229006
414072834
545795131
413221854
368576932
493146204
286107569
510883702
565385974
595050143
148398886
342216403
449701720
276486682
566359510
215942618
433105656
375572987
345746330
492245933
659587099
164624144
393296867
660553372
512828000
498051783
384164934
539595786
558217961
638275784
283651945
164296506
616017179
545447574
709773124
576471564
476362472
351123141
302963272
539547732
325088203
556492532
518336865
196253037
323834323
507338967
254829931
634586537
223091314
671558605
455305992
560689226
383292875
642928855
492419480
577681226
305380308
437685175
381794639
486450787
371675466
602082158
283876906
326368941
369413805
492985970
206243671
528981858
537146287
496619275
337610764
258959828
208172037
289776212
523153633
572084614
590516367
448198135
573264968
285580933
337864343
155354316
234047554
572922363
543062058
270935719
503665064
256365751
459070022
415195814
434262657
604706654
284445293
534361676
294318859
551585815
443161719
558324026
663602441
485198188
223281890
225368993
642373059
371472998
402416393
283222146
474645199
325743534
515191121
384632914
331241146
240630317
202783159
486566286
337050776
465082570
573506271
663010565
567505742
419130942
537669833
451946829
240757627
571164482
499016760
700434350
488825723
437724389
492506058
325219567
309689791
359965503
618401607
706727788
477683464
414774429
445894952
479830740
286611347
524428883
550672595
279615499
160140793
557918173
449757819
531569595
399525434
519483064
544536247
353129859
652638743
552641229
292364732
528583314
258538898
553259214
334594765
401894754
435991514
402438906
473504860
628710656
438509664
432949488
484917308
482656455
328671958
396425821
517113331
558344072
592374766
397988034
231273205
588161732
365237647
265889874
517746500
126285574
646701750
485201586
349953714
374954710
464741822
286263126
256952656
463108874
516276988
300548644
552025949
629902153
154885181
298616822
534234788
62343664
425744686
651231314
266444800
660381475
534497120
642571586
564162019
435783179
523113117
295465388
503504573
562371580
275862620
357890714
533981354
639663049
547527678
555938312
405082281
504063276
589341161
424529443
576609193
532842910
278695505
282524191
474698405
505790538
468761033
518083492
460637753
610705723
548030211
623757933
669928723
629868956
243269857
338657286
549940687
228966763
105118733
364945476
532032700
584135686
199835635
530898602
384338713
508210210
460875677
211970450
366994414
562346325
301318998
212488697
411970143
591563227
607665032
597009936
255970342
470180169
396506655
538399288
442094610
591476825
251521602
659395521
682641786
393282507
559550777
428829803
657183014
465443855
581753187
553838384
489871694
340244928
602377262
532116438
506003002
545596197
504168061
531761320
579562039
380346275
344890217
545603052
227969581
533730614
589708582
598413664
621512222
526583777
202286898
342056066
668707464
454445671
35536713
387144006
374363183
412325075
663000849
598386428
518934941
603775407
559866971
483175221
372368457
499695592
141066978
513125613
423111770
261505330
644205646
467111591
603701015
454220503
282339218
271371722
515198063
492258875
344718926
697038242
489427405
508277065
562671717
133384127
472054944
306221707
656531708
605839604
417430399
237273982
404605333
429769966
522513636
295469694
268672246
667346462
534134335
524322115
622380883
308589448
256574626
223091770
637119183
333277278
269700115
631887397
660315602
577057663
494370229
440629023
492393190
261473264
424365666
306900382
293319142
396465937
663144261
406876653
565765092
253823433
544197185
474242850
518918060
465471641
501802082
396354844
335759640
249892837
644851056
200068215
322575144
648016225
462925486
557826376
157412096
260402200
372593475
112472010
573645749
465331906
466857688
329403103
549004308
306196047
366814456
390357813
256375634
562573078
537773833
572794241
425162767
460625357
558416366
200871776
343695113
487391910
648449987
671444912
381859966
279746874
558148999
529369228
594107831
589402802
245475842
525755760
230425237
512710645
469944893
380151500
570570715
302163952
192582235
213768100
168043268
526406047
195883247
207114812
695661497
319428670
308517593
524734991
578574527
276083748
670463581
677121414
509028602
292092722
350530203
563754509
545740133
604552187
193493195
324196980
519737238
161862431
459939410
344661940
502539998
545411989
398237300
333542620
543926543
612603230
584026181
638501902
286111817
584819215
549014675
366365099
376523544
576302005
296601487
577935888
540683773
571413762
372186334
528865211
182134978
465267405
406649624
543734294
384372170
87631386
601986778
380683857
582825891
294634565
473243462
171682154
642864139
490111329
382264354
364489208
569040434
343009218
669197380
442142317
520049791
522489274
525172960
293567910
163035444
606767761
261515819
494122867
542662178
567199011
539073540
331019040
316912763
273377964
254558263
471424799
561847143
230097753
486222962
358203696
514195379
224712074
430383888
268195876
400338756
250367467
304453758
299215974
658009459
378056816
259137864
385736018
391395345
482475901
337580192
358845362
387273193
463289523
534751813
271731749
628144582
544638116
572828888
535931569
260624359
381949125
523961796
297945366
320779672
586998276
198217394
522582040
595364280
578531058
353903575
534288811
389732861
544248897
391790298
515072127
546667660
507672675
343966356
582958344
408020016
495792417
453342487
204354313
39586655
388701271
504483488
358438781
577429463
173696170
346759587
477631389
405066916
568629954
310897957
520880134
388505798
351900012
323413948
201718577
490733209
388621618
492852770
319630194
584776919
145471129
327211168
225398575
358165196
576711809
295012507
366993501
449083708
211590974
149028317
425052735
594185172
341384862
220076959
469168291
577829280
614595598
145236765
518509366
484564828
281685981
502126629
271130658
421298243
122490129
541977999
283181479
646244757
552557311
588722612
545070214
519649078
251487117
571557301
489915810
248118161
315802908
629064316
462975307
361315488
452552805
454777489
534512042
331576228
489539977
493485938
401775007
312363038
583042691
315389331
472095468
569082872
546726143
475581465
147840790
161674398
320847881
236531633
268529297
447554129
486922065
182293043
579095175
282839389
262204832
241235215
561803608
208441416
492637821
267676163
311507301
512821435
634545639
573294074
383349627
552080981
366221031
382625128
508188177
500373647
565916597
244828345
437318461
222121563
326140558
424812873
298564265
503113765
577986646
584176252
489257308
547128389
489272729
492120505
505400634
380469917
212984242
449779251
341271195
313680071
524719504
508109356
310653311
421559685
512441948
595871581
491870808
305945771
473309235
210260155
407713542
624117035
630753840
264578171
642861657
169496057
449609632
607654113
338198902
556168452
195585729
251928285
545270629
237126552
327434423
607679134
540545968
301719077
523709556
434435760
547582449
273217066
277647469
552619340
485376089
551083994
642077944
650883368
52015071
540903750
220716399
271678113
275246967
454337633
295323187
481034487
271775691
331824578
191158113
545782464
458900405
140603622
483000006
527683031
407842987
236782893
472970906
561723186
471320835
387789248
468366590
277731926
405630415
306835354
464948076
194842898
469872863
338393468
616020216
351683846
505453204
498892734
337477880
275698147
477378316
472677373
571138595
186524116
549832319
266581516
448236497
337176581
324359872
417794586
610877446
579586868
168215658
637342076
610622930
542373930
345272243
151663453
318969615
545878110
300362264
237525859
252795359
588420161
224728086
626446410
411456440
622620390
537782390
273168729
303824312
403566014
495109553
428306349
388341296
539422358
474095185
457656951
488971168
336067665
614571764
525333803
325496880
323566415
172691393
267570774
623940028
594586611
339420257
466692312
171738964
394886666
181145336
591420244
520181728
324826312
442761213
589932728
518565187
577001177
570177947
141585065
377944390
469721854
331541620
548473191
582542474
176006786
514712398
542425001
516788761
428903775
600224698
284905209
310088440
538882997
272705681
244805979
577731984
385816859
568184817
250263839
578589045
308127987
414240256
637768570
260902506
242415508
583054540
415126907
541220001
376781514
301023796
622267761
359632944
554562670
490335015
532505860
561575111
168899666
8693334
313124721
551362625
409362805
296750400
507896842
269932709
270258481
442944034
319363712
434407348
480469745
112997319
582405547
276505624
484009769
562463398
580809487
362510029
339456071
321073559
484256370
281816388
564608357
516652394
340732093
320326728
535728482
576425474
375619014
271693307
182038342
301441284
427118124
411364042
339638341
493228982
434473654
479440749
355178853
411485067
119994355
360505776
263934949
533034129
342801652
243305509
358971691
257379008
326837285
476248870
559244952
175287549
230953423
631635545
266657727
540435285
194248513
533070119
445449212
516096361
354689739
310670847
139836646
289323174
99423756
182074361
547864776
122015653
472147174
197691856
217404945
474507632
309063416
517254682
471937933
289353282
394971195
239389046
265372210
467985497
324871846
478130659
209830331
266717825
184483667
334587226
325496391
371948374
23321609
38341787
528481995
259815213
570037984
183350667
252387323
606035098
347051518
559313893
326837579
539688535
378854292
621644344
530932854
439917222
454762337
425861174
391613760
471290832
434026999
516900477
516449469
516071184
514963563
514583509
512771867
512551991
512028373
511458006
511281079
510365806
508127999
477456062
477309834
477031071
473918102
473054895
472607970
472027149
471289043
470502536
470290119
463355914
463180561
462351453
461241200
460345566
459216964
458384292
458228159
455722180
455497741
454712145
454476277
454463035
454215553
454013529
434418716
433497093
432534858
431183436
428713048
426445341
426074769
424772183
420730426
419661919
418703274
418414359
417885205
417155436
396234963
394707492
394699165
393879935
393149238
392594404
390482228
390215730
389698610
388938450
388180041
387598581
386413392
386398554
383720867
382635014
378492225
377683752
237174286
235630695
234510588
233866228
232500515
232276130
231896837
231013759
228603962
227817566
223733904
511505919
540411648
540180318
539309323
517289075
515644489
515362035
181939462
514039300
513683359
513659611
513089048
513075348
512882521
511733603
510622874
510621758
509595045
509350291
508239186
507647447
476981072
476863251
476293337
475881308
474990591
474902831
474717529
473946630
473113570
472394881
472232311
471236934
470517843
469520797
469461455
463881276
462026321
461749411
460637053
460354441
459823521
459697150
458440998
457824996
456009939
454926433
454657290
454104594
454078451
454000242
453819739
434391872
433087650
433058245
432440761
432103432
431170072
431072029
430928766
430762657
429573074
429451859
425675993
425447149
424938320
424668276
424368960
423381271
422323034
422100043
421732045
420813526
420760093
420307540
419471710
419386064
419366082
419224026
419112864
418720234
417330718
397029372
395056343
394824704
392338482
391680717
390696345
390307438
389560450
389265146
389071175
384913284
384685952
384627078
383765753
382986937
381530116
379292539
378767056
377897019
376133429
374355397
373548989
240461792
238223671
237773219
236997416
232479931
231613701
230360640
230352619
230316776
230268584
229857072
229838176
229682350
228714751
227078103
224157000
539869236
539489027
539038684
538088774
516844194
516781817
514309960
514296706
514210835
512021623
511629945
509980318
509876240
509754666
499408783
509480720
509404929
508475347
508438926
508112219
475277615
474368325
474069146
473154956
472615644
471933030
471624707
470909431
470173051
468517354
463629295
463610428
219853480
458941528
458375784
457981838
457578430
457177709
457008867
456694987
456049883
454485262
433786523
431957995
429691723
427916160
426959692
426025658
424692730
424432393
518209627
422140891
421250194
417969037
417865735
395998964
395852020
394675725
393577481
393442652
392008127
390774449
390341843
389678087
387815193
386087253
385076569
384822554
384675789
383865406
379149883
378560549
378488265
378465577
378185824
378149292
377934585
377197505
374496799
258708845
240355193
239909846
238533437
237175234
336910634
236784922
236540056
235845948
234599537
234245749
232484201
232320193
232172321
232058739
229481434
228713048
226135086
225997822
224932736
224597957
569721196
569383046
552113290
552107813
540813150
540769713
540582675
517467311
517131616
516557912
516495015
515122890
515117554
515049173
511268812
509812018
505716138
489777604
489682182
489576233
477701602
477493161
477158747
475980461
475418220
471848101
468863155
464873652
464807804
460083212
217480015
458523902
279374386
456368708
455021613
451065735
450608672
450595248
450402461
435062490
434468624
434183606
432458991
429923842
428453524
427702580
426907444
426375347
422988563
422456553
418153325
417519021
399469721
399312552
397747723
395071895
394351780
392794972
390888661
387822578
283213447
387583926
385253288
380432165
379509092
378111025
377498076
376077721
533477553
375287195
374325563
374089946
363980264
363660373
325747104
325359459
308596024
552863983
308552565
436649974
288125013
287973082
274195057
274070936
273847539
273659932
273579665
273196219
258170364
241157237
240473441
239956444
238871275
238682088
238273866
238096699
235912858
233627826
233391716
229273306
219053368
197849833
197132676
196831795
166346775
5404244
2502989
201075176
570750033
570232758
554154328
553964345
553453908
553350195
553290673
552867044
541414617
541292868
540948630
551246615
529563332
529452965
528764930
518660926
518240028
518101994
518052587
517982775
517829338
507541439
507190870
506845541
506298037
490456529
490358160
490131907
490060697
489933158
480589463
480123471
478749380
478437261
478213117
465556386
465309114
465246851
465116266
452676483
255544209
452476517
452225524
451739570
437667135
437662124
437404228
436926859
436392991
435942994
401280725
401198886
401166747
400740137
400261747
399836714
399799616
380739508
367908251
367301426
367201030
445348639
365120600
364542760
364278499
347653340
347338916
346279640
345736920
327490608
326177578
310197674
310120891
310119510
309471239
309289733
309151939
291411356
290613866
290080946
289526973
276843504
275687212
275254459
274904188
274697364
259259313
481337597
258653376
258377792
258287117
258213050
242727834
242292723
242226466
241598985
219484835
200759675
200746807
200715810
200391888
200142937
199186455
198540942
169542330
169436368
168700414
61980295
49039379
38031583
31711205
31600137
558506631
557241310
556902265
556569946
555684155
543932831
543291693
542442480
542338776
531981112
531859613
531280743
531269906
530957851
530228009
530134474
520778098
520589727
520483458
520424546
520175892
520036909
519613186
519571666
519495594
519172960
519005888
492575789
491932782
491663302
491120255
481833500
481816842
481254931
480946055
480754452
465964789
465735709
453186797
453001909
439138968
439089069
438812274
438789348
438700158
438215774
403882279
403270383
403017869
403004544
402828486
402119817
402034297
401828783
401726653
368949853
368833703
368748212
368716121
368160528
350142864
349941810
349167111
348531996
348410859
348247212
329288323
328997360
328495299
328430224
312172763
312128122
311511062
311387485
311349919
311259485
311229194
310836132
293460058
293384497
293374883
293215035
278898701
278643528
277692059
277312015
277247664
277202747
277042025
261777981
261408691
261163542
261005691
260903119
260742525
259548203
244529866
244454141
244051494
217892079
243237644
220088415
220073187
219995722
219927784
219650949
205769227
205762457
203883396
203342473
202961351
202509778
201155817
171970678
171548649
171263182
171028517
106694358
105021056
103812618
101704598
96704778
88265713
70701599
405559650
576357355
575903353
575805459
574135808
561022763
560964632
560850509
560443601
560360871
560284668
559759105
544926839
544700600
544454965
544403400
544114474
543983183
533082660
494669579
567691397
532811936
532806216
532656808
521492509
521436232
521263130
521083891
520879366
520856389
520804891
494608872
494016792
493159291
493152571
484081593
483863323
483636104
482559881
482541923
482270312
467761802
467470949
467384268
466321457
440279375
439645837
439450094
439412838
439359197
439178502
406354236
405265861
405161444
405083021
404630748
404305302
404151817
371424236
370981743
370720430
370668500
370640013
370235729
369433552
353698063
353386692
351916415
351694775
351117727
351028077
350196904
330801344
330259802
330076506
313828842
313788896
313779019
313395464
312295456
295733158
295496950
280219704
279062238
278993200
263880714
262889739
262812830
262180246
246961450
246131249
246013881
245941804
245680619
245395051
221750178
221560669
221224119
221134799
220710915
220640483
209043531
208961308
208106475
207637519
207174474
206578707
175075696
174234645
173976573
172782280
172503308
171973210
110932014
108565493
580511291
579393320
579260065
579226161
578926065
578381148
577300768
563511477
562718125
561694981
561678756
561347949
546507290
546487435
546435257
546236377
545480428
545437069
545036843
534973039
534735655
534608027
534386549
533510662
533484900
533449747
523537750
523511038
523410787
523305217
523157553
522436125
522348464
522223956
522195052
522067275
522030498
521986931
521940044
496614022
496297462
496257324
494791218
485202850
485091127
484749017
484706852
484364553
484243586
467899974
442434810
441984459
441769553
441497195
441208312
407870795
407468014
407356611
406967361
406730956
406442936
372330467
372238839
371518946
356207208
355672990
355664451
355090965
353891828
335564884
334593624
529502477
333954601
333369857
333236951
332155891
365284988
331825270
316261099
315843601
315591819
297245303
296771284
296642787
296357094
296348159
281873007
281776448
281181415
281154527
280589964
280507368
268714553
268183598
268029677
267777823
267523371
266863627
266131773
249315651
249048857
248592939
248481155
222259917
221879604
211488538
211180479
211046577
210604292
210326664
210140943
178064834
177945469
177702842
177637483
177420743
177021355
176441943
176155374
121570739
119993423
119301038
118358380
113145285
586406861
585129860
584908204
584435721
584065697
583971340
583403634
567705850
567156212
566443862
566215320
341270071
565891786
564531205
548232364
548225156
548090610
548053709
547368464
547307661
547224653
547131580
535892496
535546717
535524746
535311765
535030433
525728290
525340189
525088818
525014278
524826562
524612471
524456960
524377778
524087490
524045167
523743016
498877916
498765940
498235080
497742484
497377906
497326581
497206182
496780852
487063231
487049171
486230631
443576196
443499534
443187126
442850752
442767825
442690178
410880972
410635087
410561718
410518488
410263884
263084393
408943343
408369430
373287520
373115353
372811616
358783248
357796919
338195652
337854368
336040540
335858440
318537959
318347679
318327588
318097148
317217450
317194031
317107735
316840823
300057518
299354304
297389147
283697917
283680677
283071512
283037920
282613654
282484378
282417056
282384059
282101779
282067632
270136540
270010918
269854648
269066248
269058090
250466364
250237759
250124751
249969540
249492465
213404212
213289688
213087454
212755660
181864182
181656188
181595232
181403550
180749729
180575003
180408308
179106674
178867571
135515148
134816067
132560984
132423467
132052584
123631766
590853773
568635882
568582792
551816230
551469626
551329208
550953509
550567914
550451259
550367286
549820954
549284973
548690221
548645765
537481709
537398942
537063319
537054576
536435523
536297496
536239292
536042053
536013450
535969243
527638810
526592107
526247068
526236114
501279531
501052253
501024468
500542232
500471067
500202756
500135939
500105989
499752572
499554674
498897031
489287551
489203467
488744410
488113951
488037033
487986055
487728983
487624633
487537242
487511507
487420662
446327111
446261609
445786728
445761166
445583285
445529633
445521353
445386383
445380806
444902713
444283354
414226445
413828993
413601488
302924690
413517484
412424895
412075071
411901268
360511589
359694100
359650934
359040032
341068966
341039087
339950303
339276195
339216297
338834297
338570493
338286671
319633291
319097331
318723491
318644826
301308480
301058307
300996107
300966029
300508424
285142302
285032987
284730088
272328099
272149736
272084719
271816638
271784136
271298248
270944605
270725391
270316752
270175747
253533391
251352133
251206185
251080044
217373058
215495979
215261050
215161479
187123149
187095787
185791687
185535982
184858704
184849188
183822360
183495864
183103433
182179819
141760142
140589826
140350300
140299731
139162852
138622804
138392555
137695376
136170394
505650766
505552113
505106154
503788817
503064955
502759329
502613411
502403245
502133217
501862993
501844276
450189420
449701833
449197761
449073426
448930023
448513426
448374729
448165672
448087575
448077139
447781943
447378924
447364278
446687503
446643215
446366049
446357812
446357616
416167713
415624611
415441451
415262664
415183730
414243818
363074386
363071780
362256824
361945170
361807132
361575966
361512200
361183273
357275368
345125179
344678478
344272733
343781411
342316808
341145341
324690681
324286381
323400554
323019618
323005141
322711326
322462480
321973747
321818692
321569121
321200027
320185609
319888841
305730037
305673858
305325306
305143265
304667725
304653039
304490745
304134451
303779416
303196029
302812036
302777647
302670961
302579465
302473392
302396266
302251979
302048526
287541017
286625567
286331572
272772416
272619923
272344794
257062308
256773716
255741283
255585517
255502351
255403056
255171154
218613098
218596210
217774231
217759025
217487158
196809106
195601144
194851831
194794421
194697096
194526543
194027583
192515249
190341897
190332351
187750899
187631039
162946312
162674809
162162153
161583561
161462281
160589862
155526006
153718334
150912048
150345378
148033992
145685136
580516579
576920225
575797455
573812379
573289508
573223976
573212638
572713877
569464289
557688368
553715093
545577168
541254691
544792655
544324922
542731053
537033938
532156103
530176886
525256771
525113181
521629177
521491471
517678181
502617901
499249537
498345899
495049104
487987654
482531244
482392068
482078708
481445722
481248057
479554458
464734665
447826831
446171064
444512017
444085318
415479779
410658575
408495420
405767313
404258152
401396607
372066433
369258557
363076414
359317921
356025795
355827874
354874033
349376105
346171267
343989233
338287809
337754267
331376997
330711185
329116539
325217772
325080830
323328205
319388816
318908762
314575777
314169592
308112175
307423421
307269874
307049649
306439166
299200024
298124613
288825629
288782236
286113360
285992013
279568977
279206737
272474767
269473357
269358436
269048731
264638344
259424874
257520189
254923163
253327278
252964811
252103780
249972763
249764480
249348494
248149560
247738660
217486783
214984635
214530567
205190416
194798143
246308670
190127570
182696767
174512420
163752750
163325970
160869863
159699182
94077458
10509350
287043776
589789144
587218461
584860099
576036505
573718761
573435143
569228130
567463607
566565650
562821277
511574722
562713990
559854677
557036646
553777496
552890218
552576180
548869247
546127858
545595627
544123786
544052195
542178901
542169846
541579657
540836165
537585643
536536907
536299802
535482801
533121761
532081896
528718368
528636673
519083738
518141486
514472427
512759251
499812313
496294986
495588319
489331164
487123750
481523040
475517352
466481732
464476023
461893034
456336189
451965769
449650338
442432850
441942674
429662639
428052111
412711806
408572624
408501732
401640350
393055215
509511941
390175290
388272269
385573244
384690584
372349708
365083021
355449174
353852666
349437491
347803393
345554669
344151778
337791595
334630565
333026951
329157313
328629459
327491088
322030820
316787045
308589136
308357360
300720020
294363768
291972967
290728575
287754580
282925613
280910094
280062794
275444046
272479004
270407925
255202035
251040924
245864564
244795877
243596545
241966841
241823692
219662472
216760997
214807614
214805553
212546431
204575554
203010377
188721947
181784055
179211617
174410583
167356391
136650757
135465697
50283957
588655513
588553622
584024142
577928512
574132135
571816307
562125788
561496365
560683964
559018016
558907383
555280983
555200900
543940217
542659614
538122507
535971749
533133259
530020304
601718079
527651882
521882069
515969934
514463646
506284779
505245371
504170842
497203528
495132144
494362184
488944961
486658364
484629301
223965447
477070925
467862100
466932153
466724928
466181868
465024765
463914831
460992634
457790485
455971219
454413859
450387985
446981518
445532368
424946279
419825726
418629535
415845473
413811884
413149161
412938624
412470184
405942425
393309152
385235998
381599231
377557309
580864561
374814409
371594421
370023158
366297229
361971387
360980278
357880798
357857780
355108508
351600039
345094532
342002065
341117411
338484898
336348124
326227360
323471548
321501077
317893400
317276293
316724362
312910375
312866713
311288727
308110643
305681754
303877747
296203892
288283249
277005007
276828753
275040085
270008238
269946457
266106792
264845689
256257098
248356192
247622836
247489619
245768373
238228256
237788640
236404835
232659595
214157347
211766557
176488135
162545003
135524814
127394666
80653897
61222077
601098534
601061539
598704114
596467202
595622794
590659911
393127681
583061980
582231017
581083577
578883374
571723118
570697356
568967715
568933831
562986850
562163608
561945680
560225053
557756002
557461758
556987155
548479787
548098450
546285927
540238022
539026068
532508564
528707286
527168751
520678793
517848608
516789402
516112982
511353296
504050214
503521895
502220530
499659066
498185239
498001329
492253251
488785394
488096375
485525683
485488095
479293597
477131984
476437708
475347992
475021844
469391758
468066128
460172882
453684485
451484120
451212242
450879891
435373132
431672750
431214420
425691896
425567745
420368677
418480693
409776132
402104363
397577133
383040056
382308812
379576303
378355580
368588885
207312258
367735622
364008595
351852177
348269371
337360334
336939655
334303873
329398237
326557060
326299501
324308359
319385214
318025313
317132368
311816439
311329957
308477838
302787922
301495124
299206994
294146228
292053076
283904487
283700051
280337322
276719338
276625623
276399296
276352504
276338120
276264332
272094516
267496195
258575670
255374124
601268952
253706287
249889792
243844371
241573881
241488944
241084035
237997332
235642671
233780676
227361291
217991350
213897144
362973346
200336502
198187587
196962390
187783283
181531317
147230342
15414277
605290604
603273873
426335601
601453763
601302410
598950883
597918633
596180651
595252230
586678350
586450771
584708230
582201367
582110363
567107767
562964014
560571591
560125180
558258145
558136497
554640982
553624774
553533871
553286195
551707763
551065748
544147272
540064233
539813709
539361292
532682274
532377240
531257848
528676117
526216186
525508085
521645478
508629868
505498280
504794089
504093043
503566633
502058418
501736045
500832300
498743309
498026440
495217922
494844934
492974872
476351228
476039456
471997111
471599947
468625852
288811180
463922153
459340522
459313919
456522359
454347552
452835936
449449699
447344547
444878114
443507858
442771257
440872920
440831769
440539893
439817818
439643408
437405915
437322019
429143742
425451384
418127026
411395114
409910080
404843785
392093754
387050587
385709262
383832542
383570507
379315423
369105348
366446455
363057888
362004640
360899885
344600363
344036465
342503513
337537467
334108239
330647732
329977398
326518248
321814451
319534722
318357255
302396717
289431575
284802728
278894461
275532864
272945815
271935925
271269777
270899663
266769430
260877690
257899119
338107774
235577209
226833086
220168230
218767013
213203081
211328662
204371886
200253163
191043137
190425277
183332231
174354639
533509983
606441052
590816710
582858262
580251610
578840627
373694148
576160084
575933500
575423658
574120205
570626012
566802115
562883610
559375557
559017742
555401921
553776193
553365524
551506520
551315601
550583177
548806763
548768702
543810940
543729792
541709221
534711301
527092052
526917330
526210801
524619274
523834136
519410092
518794046
516979758
502089524
498779317
492126718
492013652
488480581
487021406
485488595
483994243
481268427
480376713
480043392
479483578
479354669
477622434
468634445
464816336
461949217
457884752
454828393
453048574
452249130
447272577
445782723
443350189
442984773
435991008
429795809
424216593
424181630
422742304
418304490
410297342
409248345
408210603
398466122
397135520
396557535
390057111
385693266
384126804
376210415
372838000
369274315
365247865
364576787
362729780
362405343
360646292
360149312
359918797
352413682
352253573
349607269
349325228
342604322
341120317
328988575
327698206
326466715
320521985
315654004
314302615
311963823
311064116
310793629
301092799
296508812
292344531
291717306
285464448
260681347
260548484
259303853
242824170
236480241
234124974
222328279
220671018
220601126
215958469
187496586
186559997
177002300
144741524
94289823
87200143
44402720
604937931
604293144
601563194
599906603
599743810
592872624
592535061
586081586
579308236
576828216
572075561
569450677
569244126
567157576
562256635
599700254
557017703
550762661
549480740
546531888
545571232
542877018
542375508
540179738
539453602
539434898
536534542
530784373
527198987
526817244
525381783
524028139
521932102
517211918
513656490
510087594
509058059
508141952
506644980
504185404
500883768
500759576
500307276
494304769
492526553
488608142
488497781
484262812
482976715
481052014
480457375
478146676
478078682
473616245
473615121
465511774
461184231
459052481
454660803
454196140
453080144
450825354
449298881
448161997
439956313
436605020
432608378
429622932
424745898
423014798
412564925
412197684
403634199
399373649
389907638
389059195
386561061
382132256
375217782
374572938
369708716
362423517
361538797
359708995
355203159
352743246
344195057
341612769
339999138
337841813
335465379
332962173
332140995
332134943
326527418
322080895
307992537
301169813
299965633
299739542
298006951
297667123
280580779
275270911
272841736
269264309
268124926
266912644
258113855
255927746
244980769
237675002
229822398
227795701
226244038
222361724
313066178
220905891
219043778
216415727
210885131
173298149
158970883
156388602
137980710
124743215
95773756
59706945
616785416
613202703
607869799
590701768
582086853
581645910
579998299
577635383
576184709
570873479
567598738
563406656
562304819
561104265
548259114
546583206
543535813
447012459
541276163
537305092
536834815
533377654
533241559
319641383
524029760
517576395
514913598
502024261
500555930
499013172
498131897
312708863
493133520
485374318
483183298
481716628
480264592
456979808
478948768
477746992
472942765
468566406
466452497
460046138
459807417
458222859
457019730
455545640
455468169
453046467
450358680
448035234
444885485
443779713
440768735
437886895
437422398
435908420
434833809
431408107
430105163
428441400
421794179
416686598
409924558
377217419
363625479
363360992
357786213
356948349
353085468
352051074
350794485
347826852
335847603
332001824
331808187
330548157
262379942
328167737
322060755
320322970
318974499
309534306
309291160
307184936
306623641
305625333
300483817
288731562
273093393
267106502
264056699
257530985
253154923
252873347
252603078
251775378
251584712
248550931
239060085
237637749
225289709
219953105
217602536
217268983
204785815
199254158
197937457
191768179
189719600
189112192
186053710
182317645
182268762
176077452
175234910
151838536
150333581
139293001
118314602
18934539
622887229
621510824
610241780
609286379
360816803
601003402
590822172
583383330
576876537
575449745
574767728
572648149
562415904
560605330
557594657
554266370
552221227
549222614
543402897
542382532
535009972
533787185
533717133
531146410
529558527
521981775
507357985
506721059
504656245
501988803
495521892
493448553
491953517
491141470
491042569
488368281
486948091
484555363
484087421
472298265
464422910
463560850
455814815
452201515
451246693
445068940
443457786
443254426
441561279
439681361
435300957
430011257
420748333
418219860
411514876
410392371
410209949
407870469
407645727
407371828
404978498
403768133
403497298
403145648
397998249
392771162
390632185
387269960
385559973
371325261
370751613
370094788
365015309
357680314
353821374
344823243
338905587
336571475
330006768
326328393
325989326
322074194
321741683
314313188
314241648
308270212
305699212
303472084
289399405
287553179
287356676
285420444
278876963
276939601
275966559
260564016
253056734
247522303
245107790
242066075
238421638
237978409
232674892
229412209
220625006
214695646
203865623
197147852
194893186
193684748
174921576
155920175
149430136
116578075
80863383
17772339
610501990
606831288
602002091
601722472
599221934
594395860
592824674
587947725
580980116
578662797
572528368
572069555
571012312
569864443
569416683
569288241
563964690
563400843
559768482
558161643
556227249
556144704
555985500
555636747
555250449
554416985
552344899
548486838
548065518
547422199
542991900
541926080
540234652
540114254
539284158
531794727
530888275
530433086
520663933
518321816
514761379
511631579
511182695
475180264
473817790
471236582
471213579
469257349
455651449
447193631
447171519
446570885
443225769
439560922
412261918
410019444
409067736
407560003
403546582
401573979
396625173
390221266
387205344
382688128
374278316
368123152
366400700
366284143
365764819
361823163
357729857
351885534
348568657
346762127
344718102
340791409
329607163
329063587
327542613
326268557
318969532
316550814
310785559
306996912
302668184
301411269
300005765
288502222
282640526
278253122
278221567
277380805
274821924
269450069
256805827
256596599
252597699
248972489
247932313
243809939
236988256
230933938
230225944
214569912
204360098
195518232
192494859
180387074
174822755
166218405
154737851
141023038
399790511
253589715
159494498
