751547976
437495225
811121441
589962143
1030039261
564734717
1096130711
600011365
484586262
581577088
1097836578
749666575
851138540
1119534051
697829759
13509274
533320054
634354071
584908340
708829745
189893741
517541090
779669321
460877209
648966343
643189270
465613584
346910449
564222208
557809014
1084400144
783442935
536406199
794968369
761494788
534168974
1112478551
315421765
292424178
534255938
137067375
643715665
783332757
1078565147
849908280
104865564
778464718
752482799
722878233
422777998
385189402
220214968
1065910105
150849537
256751496
515653847
575981373
887915092
562162508
436780405
1089048861
343312471
867939136
350036766
476726604
1081892993
759235947
1118520691
350346184
640155858
595917294
688945208
144973564
1117461670
513928499
1065397127
645567564
470622821
1106064877
1105002940
203171002
169313915
176169671
9422093
454570979
1109407496
133926997
540675199
1084543248
654406780
656027413
584519698
783106779
544140456
511651850
423877957
500777197
1091715627
1103132920
768040187
1074436034
12956030
1082106437
511659316
285629764
422071963
568768472
1061134513
878970545
689901167
81090614
577440689
836106695
455517881
528086819
718758583
445194212
1043519039
280563863
1091776437
1068452330
432024360
618085670
700757557
1084870009
717172229
577657642
706105154
1086509380
889677537
773657337
1068889175
831338867
731827960
615814345
1083785061
495135532
882540841
136997981
733284586
520450942
1087172502
149239719
767409658
154005557
871044774
178159544
8101876
446169377
1091909124
136913836
227021935
829196639
364056825
590730992
383688975
849763739
574375171
571118465
559023997
1101255961
436697516
1117589844
601804026
1092462472
896207375
259067714
795237750
536924922
14211644
1109829804
669995095
1043991434
565548718
743228830
490704649
523524542
521123492
468405693
643725024
1053042819
643702268
1043390363
826103961
310023233
645042161
544529763
592915729
659550782
323499245
1068927757
576315619
692690458
124018686
747706933
862435799
586251400
864929465
1088518158
631226630
755396032
1093545052
1078628462
1092382306
1072368693
625078835
607776535
259185906
226841698
331314914
522602540
697835146
569066374
1055960533
427992836
1071082474
729489816
893473452
16917811
226121349
888559663
393300867
715467010
775819925
543337241
408188109
424750474
1086916906
520814329
617393878
741128395
1068043381
1083351394
452295631
663661164
694083699
1088144929
1055806450
34169024
542446901
353809698
812560752
579146687
425724663
490735889
165576998
548355520
181153103
1089109306
204488371
193583726
722383596
506022605
387499594
347426431
813190476
608884451
1105333907
864674436
663672755
271430927
24509007
197045748
529948590
568388954
819069449
502466250
807756849
677311244
410474438
788324356
641309351
853621773
1083619887
576335423
1072972999
632282724
529894129
306605817
750066124
534272242
1027907943
587938805
306318529
864118367
1023469033
556912323
317556391
248509447
1081263942
360037558
226595087
1080752862
562983989
630445724
368403919
784871894
1081514245
586652762
484164044
637346288
857017564
1115223415
324867093
629122530
602858303
1091273979
549592412
1091274097
1101021760
394651207
879343265
706385452
740807996
569481422
609187896
780556427
1048401412
948953968
699858830
585973391
535624537
350729297
704503818
1104747468
470078715
430429784
509084138
706005503
246670086
828728241
593042654
1111462923
689052856
673059197
546905680
226738356
740525793
1068097325
818971097
817818989
1068535232
403172473
785577050
1080101735
570033545
311296527
592052813
773927150
1108314975
1057930204
476667867
660544357
482245996
1032374
533953362
133991609
565198546
209037025
584530397
826820821
1099378081
647981036
436176748
1112953978
841254013
510082673
415060764
780095636
146030639
688313187
611141002
683182639
431295206
600321965
356043773
602869664
563885213
637422793
735858800
160129005
450781805
601233078
524238720
507650360
672254262
108161586
383317994
490994663
687821714
562751234
574282605
529650572
547374257
496318684
404401392
540793569
614364865
437927286
535276066
463864439
375486073
632892842
399421031
319281529
500531531
604532283
227885409
616132331
574193591
469876633
633792846
477284871
687003534
420261034
156880607
507542366
486723787
222316140
549567008
570596991
466852867
679159845
401017624
220594950
205072823
398672584
378635394
550824575
316681073
671618796
280914180
362399331
272613158
327314663
476481402
498524637
634476915
263395923
619276545
386462998
616086762
170336848
592615139
602175706
580906131
559585179
445342292
458947014
524043294
380944967
665359608
429822023
412535309
396676101
157153606
60280702
575021558
440438548
524601715
474416880
568914273
607335242
441831387
481728262
539568141
524078053
613265948
415447960
472052532
530714367
325118658
635513206
412165582
588164762
548591377
551590258
572215334
206145247
472636809
530649492
509006748
271405997
543908407
639194623
188052042
382766473
428384431
487851186
237986033
407997991
320276722
231041831
492744733
334725959
286476717
417797553
170910642
285472480
471422094
428430122
515203593
455398536
266485513
291277956
525720720
479524640
567547872
679057059
333779382
122554094
158391863
601338549
501012194
564667144
417893944
138784878
281868316
631682079
327091541
431326356
402276676
458873028
295622129
534197596
514622697
309133734
427515419
465106112
486914428
515543135
541019657
416691129
425240835
628984113
569221160
310919932
549014675
207730920
296789592
548380760
432327627
562342811
94849959
308578394
567144801
378188015
162985238
489358075
362982740
663716904
550397694
179766696
448767867
666299613
602647243
626309400
210078988
290165327
543694718
480092738
189609382
390820627
565321304
486755941
451413722
609560824
349434921
219961306
478047860
228834417
596607470
673153382
398851926
540802378
593098692
637374249
656983670
494694375
626884041
535176605
366423353
598256371
625040366
278411761
598256856
317585763
495570771
521147411
537019594
384804421
435485579
335601232
169061611
532605241
276989800
540331924
314275699
306613298
598866063
600470696
259195738
508188177
556080910
478043846
513084028
297653574
470403263
432820753
514211526
357817159
557527989
610168818
339809335
447178415
548731655
542771243
470860377
416744175
556534093
172720407
518936593
613181231
505869196
408750110
259371043
639814637
673342489
509883274
264124942
291009993
458525331
471347024
515831165
636159877
560446260
211141449
613044885
506110587
478877476
587266750
394325486
566786203
362584445
556713865
488628742
291061002
578579089
469657607
622748673
188406833
230953423
152703631
223365600
611456856
523961686
284213869
303330884
498418414
210216800
306844691
539222964
338363130
113766973
212823192
447202631
281363692
506796215
663181524
481845772
554786832
500607111
485035206
390723164
555691388
327161116
132564330
275898570
342205987
613806137
572660079
397344712
543893466
630965178
338243522
463092388
591991006
559561104
298458775
475702809
342692838
492857968
535236252
624122450
591590544
453205887
402383709
333421345
538485686
576064680
146544335
477324202
571262314
368718650
246536464
276662651
519034500
498541491
34801159
592376889
666081569
356915616
565009285
382809223
546538461
483202880
558708943
501618876
308745283
517126604
524729640
463217730
547121103
326157582
439447417
500487492
550489868
535922783
453556994
592427935
508139768
498938970
265523566
274566719
410455783
65825982
410923926
515682135
519292483
558663858
352571683
554143872
306090601
229003735
282811111
220834008
352961110
509507437
457758013
495872611
472437611
531778761
355976868
497105965
454267423
285251286
520007215
591925072
635630224
88325826
247772791
606471871
285379785
538883762
464728268
300740515
210174515
340244928
282583129
277735500
165873191
434923445
466584027
326679510
247773494
291495099
634409952
413047532
198844637
321762992
249038590
202278754
501696799
176946566
177357548
440204137
543175353
623461249
589606048
537639708
406620924
610304335
420180371
361651707
397955645
242605509
613229160
449521246
348302701
518337626
557599020
558062516
402823022
551782956
457688454
512127647
456361488
515700993
578229902
521426723
410295505
166842539
539764741
473479350
478611833
441269827
443686537
673446873
459902351
359599178
441688799
145429399
395953620
399138372
171839430
616461741
677253810
632503019
218397308
530235055
466871239
583270982
512851668
566927012
489086293
199566171
576873494
313653269
610587638
581308301
520365181
379485735
383185113
243306630
591224076
652402259
418519774
625572971
528955911
582292119
599846148
248062227
404983019
497981660
316084690
560787106
379492906
337019887
356947720
479479406
426153574
440768748
501593781
507435977
570040921
446564768
503892054
663731570
267499959
509316982
269800572
298639916
633955807
366416002
423848474
590811068
393595531
399647676
279630581
397947055
554205339
524129379
193381380
374795392
403766121
667756820
541742205
579755244
643728507
402034680
435703976
587200885
558793242
500848109
480098104
521898985
385209387
243513977
305667069
239897728
550286370
324124802
527908204
237330495
311668097
628222529
327643944
391091073
549496232
467985952
356018336
544896022
542623273
287586361
511524229
519179810
295694038
492142747
526032047
583182417
521283045
441245795
374681282
335418347
169838556
290750406
577521941
412555725
572446933
174238164
445715469
300108184
480505340
381271244
353596179
393302247
441194113
601386942
221655322
564618123
229643953
238117316
336409599
544370951
340531030
506286569
649507612
368674154
660993899
347219828
535331781
222966489
486274649
526534116
246093835
487237687
432176975
539461886
485196339
220218621
235038563
194306082
387273193
373940895
600769964
525432290
424224823
136785940
376858131
346713526
612425845
521141413
161006633
167154003
667190498
144084848
371068626
569581650
529424161
333261982
250415588
279327702
518397480
597904006
516679217
272885677
608580441
278581170
535764524
366642262
474980322
618694651
553195240
271731749
439398919
372005616
475504620
413838600
372915099
575810719
638207454
487838445
592707489
162289315
509541351
174259979
253822338
286056715
522473326
662785665
331636133
177188829
513279677
601446340
551418642
191948764
448371449
396954784
200783885
578623370
538246311
628582228
286198244
407627410
404151817
546263007
502201884
554699268
231461585
614854484
607479222
369584885
610515594
487095091
479127775
334948895
639570927
558008432
372296212
476611525
265440333
490672345
255415448
347322411
438337492
555983059
576368423
413190368
529842178
327174251
421720276
170011187
531163197
298649508
429492437
388938972
263681850
315082092
329614068
458248867
325644927
469587440
271264818
552387851
182393065
481834100
238135179
89666442
352915231
337041429
530262534
650370846
510120297
518451654
498016261
389974148
159423884
324813706
393137825
256629484
445751322
540875616
178152498
327951765
426032584
228930286
462556195
337579037
425950795
329807626
332946983
340339816
587891209
506351028
163848361
393353700
481507522
381122789
208019270
478209998
539550357
569006647
344842985
420305654
605667190
290097211
594203576
438671175
583542824
549854291
162538966
147282920
165969978
522578246
190434041
553471821
397610937
394472815
609121701
541804773
470886462
320098629
375923990
223647812
380493180
258265648
476259909
483920928
275602106
398342927
559617482
303888391
608337871
528824300
529599981
211971849
232880508
316598302
582301240
412247335
508538162
358251518
522476996
453474064
565691867
145471129
382566889
472921369
584079503
464948898
582233322
533102374
529545296
89471908
96515419
456635669
504206250
209344485
434392487
392667461
561072285
517123724
380600829
532938440
401519632
529580262
406562184
410484545
505582438
410015142
414721485
539271758
527576270
418133503
339329702
505709832
513943513
529877776
250265649
527958534
548984944
33775487
114499694
248230894
450333134
178812179
402834477
363025656
345879616
426025047
429573132
425398561
441668581
554901967
367241626
266574556
256952656
381604467
495007132
596399974
235439576
436969118
365809913
563809642
316798597
525267842
431848730
604612544
531303827
234798148
271571334
436016845
274736115
615110041
480647579
139757398
324123880
491377443
366072392
590021279
514646645
464287623
347287749
608657815
360852306
407840093
381727470
584859868
535831037
537852062
390684406
594986042
619271445
466509419
505203066
514194575
167906390
384329720
379862705
315012457
547379555
241937754
376667796
552107611
508890230
462832227
508457353
366104467
369879061
252527383
272794785
524467477
345789292
352390584
404288120
270313503
501220301
391395345
361926575
621352729
473817790
431803374
610877446
610889232
523359910
523404864
562302941
521907754
576214215
336067665
594586611
593060558
641040505
141585065
253875643
229064217
619367630
565423628
546520286
418420045
126514491
341270071
499522910
590212731
611634933
398377870
440238056
571012312
316826912
530311416
450963611
309084320
532215956
543174670
525819663
313954822
431747409
605796828
602872218
612384642
181634767
609858482
382591782
528679716
436791714
433961867
579796997
472716979
511667542
537787873
600995925
454656174
377117835
618229785
540475708
535959650
488740666
450925578
464496783
439736399
360187474
541276163
526683195
355769230
61776764
603623626
478124342
345033158
372267649
179201090
546450514
586733692
598761993
405936456
553295647
589300592
311934309
487256655
431237000
434407348
551506520
307891627
347289968
343145021
496129720
264278523
582311773
386117230
577727066
443696259
271390267
31252687
531955418
484772067
180106595
519524862
350468267
450443592
457001216
554740843
599804360
354600448
604215798
561698876
556503095
408525500
605170716
436024211
429131815
325980806
146466767
281403682
562735891
524256352
319869165
229479411
418815371
302993178
387231439
548482588
487043678
375391305
548167680
599155779
261083357
538761989
1972171
331336168
435151033
585812379
296013198
493506934
457178907
392692585
574494676
477553642
339109300
576541358
414624469
566845079
458341182
265316284
151110770
313890781
289489366
253942118
534095026
452380670
425693805
492443630
558335409
327132927
538487945
237923330
265069661
164796675
488801660
213296069
383481083
220060759
309714597
344575374
480966367
585262837
263573060
486195606
499777755
565673288
477636805
176751802
473688632
265746038
14334556
573553333
535973013
465650685
287504006
387540747
374605187
447507408
464667284
241157792
251353582
487086525
361462524
332458728
367834645
189593934
552635594
521114273
119565179
358342852
498425803
79571758
582166238
233806915
566046452
312772279
568976463
525776988
510865393
433940119
551192247
505628327
437820991
490341633
561526420
443899151
259543670
171671932
520175892
348617614
299502458
453222270
484207932
216841047
441984459
214085404
300262235
358012652
538568410
556845669
432800161
421505118
575178810
483349241
384147881
473347187
502832299
557745244
465609355
429374691
140272013
341537664
196522668
370433423
544104912
463072077
503409544
524517807
554428361
546563779
548620845
552199236
444269421
568383487
548169663
559379059
412299561
566878888
557726130
502550109
509445510
573210389
506747981
428250261
323336376
543575439
52232023
533128694
336545886
462462644
434978684
320026278
394756029
378134078
314876915
539796062
488802064
184278583
463453615
569023836
202950717
515828278
559877088
529506867
501129496
531545843
395061113
487016324
463874822
475050489
541443516
557263570
167398464
535880758
139421002
419353172
539064691
522436039
531874445
477942909
544324922
505296737
321901725
523362600
498898507
177954892
520386773
215767858
478902810
513659611
315326444
298280658
360648217
552796310
285149594
470393351
352629994
446031404
205546592
351514337
568365029
567992590
476391855
232177266
564230059
565499840
472312579
28597371
466126282
568848114
231228692
348898354
483928689
173543682
370195486
238889957
225670479
471777580
541526840
566430026
295979191
341128453
304403480
247737620
536453614
489337553
499392888
347372344
242226757
221832331
556980594
358477231
349228559
549148864
132144433
391875239
556110864
228606803
323194357
431937188
497093717
498069555
367159206
216834592
457703981
293073051
384144602
244746052
282633532
503923420
187274168
549266376
560695733
299218192
507457103
533019504
528303298
546699927
230565432
376194572
160357171
339456071
206587411
464055016
384689456
443119661
356944075
530753362
483710729
471459960
383187333
476905870
424379509
324169688
534786583
134757772
461296218
503705633
487722381
306871836
404160423
487489998
515759938
546220825
328898771
542806694
300603848
513455585
484947963
455467949
535892496
530624699
159559508
279447185
434760810
423430586
237906416
260905818
372862717
537873063
544333596
215809265
545816562
358849914
518400084
366277415
529812945
531112807
413169056
556308378
379081744
465921956
294727742
402048303
552352668
446860307
460372337
457839818
272396998
224671142
525292886
161854547
433381056
467335285
540286710
275798900
538811927
360680497
352973609
360569157
546448285
497189427
554306893
254345814
213268524
164509544
418931679
539978436
553290673
312000275
524422534
324387412
394993237
520054767
513793736
550203536
80780237
320938667
182316945
531545155
386972736
470232541
223174427
157818606
169073137
553650791
203261327
273750283
528936495
553175952
484411753
253459493
245912323
248503160
498791361
552217342
496432007
380630326
361375632
531572547
75404156
342756617
439916002
118969888
329116539
314307991
466790473
545502387
266117192
288931067
308454129
545756102
505653537
522991090
550056780
549980932
446176093
469477968
154106649
530213099
543270564
131931964
389777758
257003757
423023377
303954269
366745185
289483591
358532216
236503526
545278442
259309163
510483411
267809653
378300659
484089436
341386793
316700736
249048857
520683878
447343613
406030181
358135327
547099978
510513735
497855639
218079672
323030911
515194267
214131719
406601436
294926869
344819702
373548989
214422007
268530950
359483756
455778006
546269091
483482924
210124600
378519447
282665298
433439047
529087675
373110983
249891729
214044428
498536010
475957266
355965735
288769032
411274282
544546760
265787314
303251266
181825749
229343534
166614972
317754850
172503308
293635824
394601055
296697401
148665881
537521669
228362896
536304428
340556779
340576996
515458585
414148012
517395668
159840243
510056489
223360354
263222020
459372568
178871739
226535555
201370117
342928386
276332075
356110170
309030748
305446703
241781136
517413803
511106327
474598923
286673192
437018405
104416339
524286928
174884850
331376997
427979493
449701833
509697228
370285912
439356800
331531792
307440857
492952234
242453928
375915195
189241258
398468824
442265511
315597993
397062627
282344532
508369972
362895169
324215533
306638924
507693655
413336096
305730037
176266640
80302734
478074843
299154612
331730058
147885318
379938241
267969169
524267928
464146599
257177723
346680079
124751587
338130633
536788012
142214635
206060352
247653980
269988055
255134599
157212257
361858374
484983719
491629314
310820122
386374935
240928210
509827335
414062770
352113080
497190500
208588916
432813088
399610874
349167111
241553291
169057170
526247068
210879544
364529004
187832972
444048004
522302271
233279089
506564299
419840726
408598704
402624170
238201665
279485283
397840802
410623330
382553824
412504360
523709234
245846626
345999980
521319931
220754228
226349166
480320836
481516759
477615261
212476325
521298151
486812346
159949451
273793235
276806063
521713084
213289688
425693246
265406134
457622033
306536837
480036900
174480890
271368693
227361902
316464515
96376849
437132783
295569373
293378165
381930275
347677313
467230656
476900439
440678740
451111616
457677998
502064175
405636250
277324805
515503574
184217111
531183807
523157553
424538115
278779439
274061088
207585394
504519133
521038574
394158411
189604619
223443603
228021360
208259110
321240289
267516961
250237759
279510579
493952554
271344449
453743037
379397356
417856195
342612519
468346773
526592107
265056022
325333598
380655771
440790206
80522614
273728088
462693246
395455941
115485049
220158161
352795952
226015026
311664942
433706918
321200027
527821817
268945254
185007413
409194550
299435005
430654067
520764515
158593323
409831874
513105875
490060697
303861144
345986852
331967192
374687603
201454869
360930241
462218306
431894532
378352977
515697767
167979390
338226754
480271104
468365736
384086818
388384555
143792229
253088323
364815336
327250437
452890141
331768521
215589610
430906252
378891384
493889303
381038144
207343719
149159673
347714183
356128460
213139990
429331136
510435208
194256323
268331764
519682360
351144429
516132464
510958148
424225267
203714307
426671459
502550571
477665522
215034987
233039951
421449149
411623279
203747815
200336108
291702004
477235174
493595772
347414993
280576003
485732590
419917912
240330929
254170480
188638177
259960079
268919927
180052047
452476517
228890987
342072329
301547512
491826441
242828920
461327065
197198080
200434868
382527733
252530234
520092148
296054055
448287848
470905131
337488820
511921900
326474838
234071984
284736198
419276803
292787326
493086697
201594864
170844584
229527839
508051503
465236098
281409589
335594299
297607600
218534252
278349618
481410985
471546079
478462937
226722834
344903820
279623808
509273943
54676779
252607183
357929898
308446864
450969112
311833171
444694229
515985289
496265491
326059477
137228178
360151660
461558776
355160958
424481694
448457778
307189858
482857846
356520911
278960997
412914789
314538717
449680138
496643684
505450170
248311523
499457144
231117120
191695307
403274145
215054563
236428165
466304415
395553540
347045945
457251519
245993842
511965440
386329876
177816237
240954211
398860322
470162414
361044253
400135752
366699621
417284505
88870136
493990712
324973365
352784382
271813133
175164050
150842651
265831083
294618404
508588578
382791750
496654631
496541900
464127311
493949576
396243914
323253608
350694172
173078908
442707145
353951882
485146302
471375048
453611776
471283272
344451276
256700561
496525718
194027583
255122824
370981389
297952450
464476750
419124399
221602149
327421967
347020631
241602973
427290183
380467682
351474712
336619191
190889568
455906315
449790691
453707187
306771366
200430090
349030331
468865224
417881106
333228055
170625177
513700040
440279375
268868643
275667197
341233468
468102468
170661431
300484667
459399663
252639591
365804591
479261941
211114872
378794387
191177509
152267052
377105994
435942994
457817524
508374325
457368419
312099469
352227778
232862184
391441444
315112224
501812525
461963829
230047503
432036388
404449147
480270024
493905901
510076654
493686579
254871914
232345128
208684707
392150402
246932782
294587951
255750561
479993020
214672445
492623128
500430553
301402882
268738278
236642810
505438879
289256742
253203682
292344038
404246005
464751706
339630757
400773129
453767942
474301385
247349969
226734988
240979967
385122486
420713012
466051143
339679869
350635303
339286586
421595049
247095985
380123824
177067216
421434809
435113191
302633921
226109097
464225678
70958381
249165373
172119587
223372033
345690142
386099822
309609857
376839350
198752426
321328727
370336363
418790941
271675451
218371975
362092696
476726282
267244107
256379805
233883081
466964141
339358042
478760046
514259237
438665856
243058846
164039345
298202746
314152404
170445060
204088673
213180640
259817119
327183121
498130247
217313661
318382916
508111303
251107184
136114893
439647122
282629806
485632945
204475328
475859600
192679880
407804142
488345969
278037911
138899855
197803251
349900652
499935817
382747220
298097228
350535373
358025507
453031346
263198552
389998140
421490893
341966492
192723141
352404787
478222681
402515819
405523567
420757884
499467104
442305727
283643411
491836585
345734998
425227506
486612293
246698483
358353094
343670453
422495189
398219309
303779416
231767395
294422890
177564368
345477601
316939696
520609064
22179261
374580276
406764044
437705608
327584110
303653769
385695208
340228725
198828465
182382193
231815134
194860048
222640668
153070687
513495316
351492991
513257526
187663127
211769629
496862956
248234808
497267104
328671116
336147130
146968805
492898744
242486923
474415065
333035213
446279867
251604733
414125507
182280468
353620742
523429351
248487118
342730863
280236904
373240086
174172977
