578287160
203171002
386321568
560805133
542508494
621969123
606863372
547234798
604214314
478558820
487474860
568819325
574985841
319979786
370092448
498111717
884372172
686603095
324968243
329646043
666618159
1101463295
154005557
364056825
224177842
761518969
873438155
781071217
122555871
614463584
450148810
809280270
466264245
336344945
523691074
580001345
119472668
583509986
1049226568
522168694
763585176
523564521
441728613
402636774
567080064
1039318018
583412226
197730976
1059394916
737592646
1075173501
456222026
703875334
578353881
713473516
443533538
1102283954
1064892742
626421874
1091248119
735797712
153987128
298529043
1085687479
584169374
1082067701
9588366
730778238
480979050
1087172502
599568126
515560904
559102573
865544989
655568504
654562827
1093537842
648189148
486311847
489386097
644361549
273496971
448561321
571277136
560002666
658015629
177321479
452091303
575500958
700757557
281186456
602094898
502875417
622775072
618402923
646272144
711084436
553586123
366505224
564247939
529512649
568230421
350785720
557617378
550219985
469960422
493889070
557127218
504299892
381153543
531194637
558267878
410556424
369659971
444881687
446221602
606616401
206807451
393615303
619206331
184382666
525793786
580595175
167790481
633157220
427587553
617147013
271956712
562839849
286721128
156741276
510351009
591640658
571602418
289781893
605107729
513951415
279443910
192744314
572540421
181660925
645959969
409904436
426688607
449574797
384357327
566228968
560575342
318949551
151321419
602232182
570143844
455740937
589553030
536009013
631542533
258264909
539440944
509574550
490129751
568525790
484394769
631781568
588044245
454785029
223302311
640832964
506652960
513305519
455151505
566575072
623473917
513772640
492059064
604975588
588013251
354604697
477278181
651202454
522814289
624269697
599757578
250440002
358328791
589412304
185673681
303536156
555511186
598380842
553445264
532021319
230020565
510124280
471797426
495699045
314332665
75603066
246976797
441494361
324177719
657046655
610538200
580856395
459326152
545835127
641544320
615534120
561108667
554425826
500733448
494810693
564575910
464214337
419643193
270277552
579401202
373255867
456337314
276682430
335541600
271571334
297978493
223587761
449558828
366753291
404818836
594891547
527997788
545977479
431328723
557311594
215203741
591172190
320148352
477906658
610008236
552123452
335715785
568548853
314142556
482098662
532056817
541826432
525119174
452295605
511473164
181795625
569116354
438487710
264034995
346053667
478884165
608671547
508123561
196248980
643537090
493211122
416169574
544913622
407062290
394346168
252159431
543476968
597326233
616503472
519990363
570271703
591115621
585308889
455842953
498289854
412727948
283610001
598115110
379002400
547778582
584302668
600587982
423392879
629513182
446987455
397063665
365180831
547651593
653717929
568807300
529493877
639674247
499324480
602504035
359022509
589406542
514667411
373674933
387099574
371105092
544582446
462793464
644770596
643532057
651057977
394859754
543362074
398641277
538654545
484688063
479923809
597323060
227979312
582345923
375059998
431459969
448046446
310785559
589183771
621671604
589599788
431335856
194067483
634221043
583127959
613223851
604652394
652038797
379326333
514740149
496046446
258701241
646476475
544400011
637049142
492385661
626339331
574995338
530663207
327073304
471093943
540098957
511477075
259933004
579284906
450765895
615350451
547139851
656169936
616886999
464959342
639803095
569591048
511087348
631596405
473326485
531097653
619667684
514938763
597710626
598211849
377321522
448454502
554082126
488637310
604386857
592770229
461767012
413061272
648588093
626428622
608933928
386932495
526459706
638520572
602656948
341464410
517137674
371693204
370967565
452219598
553893782
375913210
407720024
611524144
601893925
585097764
614152153
556742011
454261941
393376629
593529129
228969311
644896886
543887599
257585980
581684525
421711133
637638542
364331811
531310105
511347393
611919166
569758001
566662069
485708487
485076262
595477995
634180879
306105809
560825116
577619437
488602944
523794526
575343382
653376331
629072086
392874899
343824067
630457985
498420992
444557616
470905662
539639750
295590346
397436837
608067574
477389375
633193936
614469119
568557101
614732383
553472026
637960455
593155576
284642918
458448197
586155667
602954143
574317748
472294414
658759168
488817461
317983499
557665201
616265270
553927898
542148619
414685243
636922362
606567048
303751395
536575332
349896083
566607179
573236063
651645745
617300230
550043270
601166507
521229972
527641560
553303767
511503329
374096808
451247645
288465741
376492216
552794427
490939283
577039369
502797271
505496574
546050199
520857778
431477005
541695703
371628022
455629143
468482818
467140604
537645099
361532698
533801822
523591176
630307233
476173264
349540726
651052197
404753081
623110538
482790380
512169328
261306619
571996715
360675161
586798995
377982820
517252056
241401970
481960388
576307861
624259140
376299303
466160517
613840760
510725770
610920309
454816969
619965775
87631386
457703276
263163191
479902790
584093745
341372750
649345722
521651432
641083259
556051874
538212463
492207603
506789477
574335206
544281407
192564500
598422437
458090794
576236986
241524128
484462891
499045375
554435947
456029024
604182418
542810288
346205517
650424171
571384820
621175635
415382591
608059299
538589030
590676745
174473171
499897142
542305849
630135758
475621109
541568144
290176524
517021733
536148829
478598040
573987739
539641748
518573597
577477589
448541680
499051177
527092221
305237857
582609227
580406955
656571849
655425990
618698080
609193929
355770497
514442742
225667941
229173916
576847670
581066627
550093216
601590450
607798544
562031423
456277414
602183536
592700484
611795562
443640128
614308188
514714337
620356783
485612691
526030921
294075484
371064205
280641409
484491654
321865426
545493430
641897131
549700305
625204982
455808635
430723210
561447469
307027248
491582042
248534503
465953305
282946781
594122495
518484151
514473822
544391977
585935376
539479369
519983099
440863757
503923866
655431484
454798576
184359408
587336823
634680562
460249543
348150868
394441190
554508852
556227068
299772091
500400206
586304764
481451821
309945608
445535589
605415554
656488850
545444914
438362021
584481877
412804089
343925323
539896995
502291427
627681005
248060307
597278359
527274922
535880729
362947331
534470337
562734150
593947168
614495521
497860853
438315226
542804244
525426253
634360627
550389246
603696099
400504654
273210437
571058074
289823543
444246165
422548440
510887050
623862130
618422393
239269796
599706173
549283554
559504397
531220260
634584414
383169101
217358881
568635533
136549554
414972724
562417020
567242904
594138716
482462717
554267511
576854295
565159776
485278856
632278723
555845575
647055696
448876139
591570058
569029793
89811723
586076386
590578788
492686397
286287682
659439007
605258635
482877630
612486412
227751347
385530474
601523081
276611492
421108119
444215284
447698365
378917410
531222546
487701827
197764179
400061483
541720469
429767338
532877707
651246054
474532857
583281401
381352331
585525547
598072050
550171034
423420514
655570837
621295008
646574342
451724582
590683321
534564323
582794178
368251416
607806876
561159554
542343629
543540137
558455226
531724843
547515426
432002225
177137156
392023190
526434018
556460734
457522833
615822157
513359039
506227944
264851590
401021310
491719293
630117044
280570861
597504450
418714468
407599811
428572437
459286048
337394893
254286696
176210348
648156384
559289720
565462290
564913765
519324301
562769704
575098567
211902260
474776045
234993249
353857521
604134694
394700690
612122841
469104977
472709109
437241488
602239126
260476229
624398877
401789823
554990028
546548212
482762316
557188605
501618340
444215048
540149959
470607225
575528821
583514899
212582874
591876263
399529800
521014066
384118068
639507040
555376235
190256691
614166321
452782186
444082419
92351963
480351257
612897227
274947876
517545119
287194083
602843338
565844879
386510280
316038324
583692735
552972299
525857705
408420459
617157002
324024260
527237012
616793122
575505085
182038342
527541249
546499709
504082969
461938242
465464513
470329608
613658513
411018357
546791031
614892237
376441582
369390021
558251443
548158353
243974606
333513037
634229904
548802259
491562513
628475797
322478186
543539188
495431996
386929136
597313349
325457072
513609028
605215000
536759087
577625967
589360482
414275717
623028066
294470732
615738246
198025354
570855878
250564509
148890056
170989761
562002091
582386481
467491657
492471623
445325512
559059002
332946983
267200453
515301837
515470963
587917793
451636102
503870720
277944027
537076138
582167047
378833784
510930923
191686269
541439536
332209337
431828870
239120393
459760438
270213445
541527539
525657401
585576282
370320410
267656181
646318705
272089721
556129512
589033965
580170061
505929346
249518851
547748522
176758903
569306835
552811573
502894404
618399076
570180949
439555620
643159386
513459202
217923905
637758755
564842335
272614074
522664516
601831988
646706645
392768654
279473118
463978945
551958918
195124200
564354761
481091559
482718107
426044753
227533908
549083833
555007829
232082965
628149782
582342598
368453777
320310150
485726650
578226868
613661384
165040645
403715330
596741576
452906325
603701660
535818861
644366397
381545395
237382082
637491888
554251549
644738793
462478011
452888195
415756098
392316846
449836186
526740516
645660303
299162934
573383812
544236590
515073783
571982882
539544640
560956398
650916125
559335895
364353007
286918285
498848789
325469686
403986333
543040484
640271684
524993912
514234594
541989741
447588557
449006768
616158454
559585523
547325173
447191246
508148880
579123688
397264443
617991295
650458461
462979160
537688521
537488561
390001924
470108076
195726284
629797372
529722190
265705773
567336920
284655208
515638870
607702195
553182777
224728228
610841048
449683793
559915505
396699351
217724934
502908019
164566803
343926249
601097662
520123101
567211799
498447982
478194028
288348335
554164020
648218185
574628473
437531889
626491413
611460387
635568111
349392428
482826488
344558680
571323017
652821223
649884047
279780773
367591846
93904755
400527601
444330045
605031510
404149942
558743048
557525811
621849013
534813320
223326694
561519068
427889232
610151590
517178218
445141564
653829872
247437893
622402777
533315297
549194593
298502296
533129067
171382330
237045610
362759218
630945000
235682071
527639307
532552391
405231264
430301846
623624453
392234962
443448378
217934802
585970146
306363507
558192829
542421842
486591909
316699687
253683029
169099043
317832258
580279403
302901063
430573045
242301839
381758215
507003543
544948893
423601497
567607120
494844934
194861971
328249262
331760045
365190521
622015575
301714938
575204970
487726475
560755944
517185182
569186687
540578332
223447336
548915477
449442557
518801694
503861116
212116787
272145280
400125077
622755224
307365265
506988612
418952970
555095899
279339808
578695321
184763057
541101689
469635172
523889635
419039645
578471854
609556538
270980529
559784868
304733603
358501721
588100901
296574062
529347560
511834708
555155573
467225841
535116641
461815251
549530407
515674052
519090782
599700183
458819978
524066836
381990740
226963979
266152344
454161092
309697313
464785085
499718885
384105867
364156374
529471345
554384704
315403967
546965335
537018467
626725177
461092721
250537319
562492191
432324619
244736992
585182609
481801819
427936104
366851228
591483820
591186715
415755790
218972500
380469917
133159493
517418141
547229544
557941748
263468362
559155112
514931856
504426472
510039365
291486947
615507214
604557763
607186744
571024764
315654004
523522617
551377414
448289069
271686043
529402171
466446695
237777869
200739253
403021230
564079590
168341468
608805862
611983635
628588014
531464722
569873872
239115007
612296555
298104739
211202341
437093584
568816800
339651288
507821740
423096012
582114317
456869135
621917507
444535001
528035238
575150922
520009503
569597972
551860825
479908574
513412463
373798751
358304209
581466106
538027210
460622727
141365346
271076089
300005765
369488928
564673909
621752461
616612185
514729681
472053113
576046700
144322124
589334214
502045498
599810944
570676833
566163736
242442545
594630371
327932626
411953770
572972459
568716765
379733295
588164335
632556980
582631329
560216298
423239211
557399359
446652883
325612707
577826916
283767084
582646143
311563331
385379183
512732345
647339568
631209322
542855105
281739913
481542302
269075224
617376148
645063215
645285305
592041258
372644532
487060226
586757188
342275274
572464629
627285817
525426177
482068207
404671182
560386545
375137441
581602657
441004758
637111761
632306731
579616609
515530213
447618185
239111934
537310082
578165005
534241077
595584507
644998552
510982892
613036417
406833438
216741227
394297732
523227738
539818283
290665690
405384511
507502143
444886895
455461547
508385653
516172026
411748043
532039574
534396513
198603132
503065957
457153484
652638954
434279065
571236604
624976928
498207150
471287692
268968899
159157256
559905689
418145056
532970664
565609819
380790269
631000599
561853247
561182568
315268480
374388547
205761970
543753508
574862816
274689311
377613521
602271736
631554388
523076907
371431346
451267364
610833989
582449682
555829429
588315757
637728538
464777747
556500365
449703841
588816364
425196652
648054908
618080713
566578675
431543734
519066214
194530692
588865794
340117467
550177986
427408837
136790209
355331875
575720693
634354071
392529927
501191652
518203658
604907514
432937863
464248711
569259586
503523463
443898340
502116620
551166024
643982567
470431625
479048209
488348759
367076329
537244305
634835896
416422664
554773076
629524981
637189718
393978986
583457174
351156943
429847317
539827025
585035018
607702968
216327681
582945832
655196966
422750531
434674200
619595180
506462571
589786110
372551497
536356392
590269039
561160571
650936508
480717954
576151551
663009522
576446561
484990156
319380745
566723818
299072706
561676222
584299904
680794104
654190703
267787143
639236170
593682834
590481525
578030893
492866351
622476889
636610422
550920818
592278216
563149576
620878652
586603762
576590760
597224843
555701035
375320568
514370282
535809668
283600740
583374473
552320571
329970886
496339709
558241541
552775498
389579995
655781931
471949239
605048210
357840266
509702961
680772626
528752590
571240806
324264761
507003741
629354585
613157504
532300922
542745767
649518937
524373523
508697223
518004452
633321783
609277839
589186530
557959337
583055821
571450907
613089095
480800751
527244691
566847897
585869954
561004125
479673431
522579663
556625871
598823290
308586214
512957655
536798637
664373209
671928077
638767152
642020387
565788607
644205168
578370734
373793360
545495031
605063154
151803890
600008404
576759801
639525995
577520141
336116545
497657111
637272443
379704132
679299453
573943273
538997019
463547604
482024599
561410656
612985737
546424901
614572377
615027994
560252594
589751261
577339417
635184445
342204403
585275272
531639048
551594657
388896395
636898269
637097386
154582309
503084600
570189256
514262720
564455869
576907289
629516844
633058037
539315096
656812178
645991315
650280743
583153605
630759997
590301034
436318538
506862604
631500599
540368324
290915789
681879069
607833292
608406195
643210088
574180983
472715058
554360899
570996205
618418996
624187527
634330752
621379538
561748148
495024973
633032678
566264309
602234716
571026860
325577483
566490320
459956346
653916928
472320374
626261079
500384208
221340075
638407389
588081536
398194214
528269712
631580622
554333940
659545091
579631352
567372708
555666909
529896251
615944898
340374092
513421018
557290547
278776044
545957486
578936598
573969487
560141855
372632966
653723427
513943289
496871494
663782699
561933680
409852044
269601528
603621491
420507988
583784119
582769080
329656876
637357273
614325867
533297848
594806161
387891738
502539998
677474763
585119736
483171269
436939230
139951937
561222974
604392085
375363571
249894908
367887978
651695465
539671580
466677554
584343886
620387565
576302005
561908398
602079374
658477100
511659925
652880615
498697436
579023232
417804778
526114620
548529481
577440689
429374691
545213147
638389721
541686537
549812922
588993494
544579553
552406462
586449544
237322544
617683667
582359339
611363752
534508708
672313612
472323764
215547466
523825769
389846160
502321842
335827023
512445243
438293970
291301652
523720944
331479299
282546442
211642283
601809300
636911262
541536933
321057503
621813303
531169411
599735341
296737208
316273114
217459768
618662513
502438185
372818797
474666286
636759464
460370661
525336557
356315971
451617157
410156427
562416151
432886329
585314207
222133116
572109765
486968353
616023595
620932023
292648225
227799507
610234466
599288740
467974463
224256469
549121665
458703270
501788249
494115973
543000374
554979568
211432227
399163327
347786474
526027171
392358435
575276132
642516630
493161025
259895318
464247496
392328388
655408185
254518416
569323607
533249028
489846308
517109294
542375508
498100230
575591221
578557170
536190757
542255233
472543358
566240081
404794669
520458116
643900564
614195757
608649689
553908948
359423795
591024405
542978921
590737439
627762963
291853341
518999117
576451421
506084625
614215969
413344722
570521972
508935622
505545533
524976388
345615377
632249008
542258820
281049336
595935931
621278798
588347967
218001534
426946124
377633247
646853247
476713424
455760033
562800070
335223461
574195887
295454289
569425673
589594651
605849860
570844785
494007528
581283012
630421968
561321894
515957706
541279748
536068363
252237160
630313897
569065479
311346359
555268549
358488382
555199936
470362078
276898372
518440989
394283191
550074919
631542523
402879115
325096111
438688874
347059912
461228824
420489853
393794861
455393310
450020889
493252500
545413926
381906504
611300237
225557161
493063447
449408956
380509518
607316748
279296162
515179207
584322504
271635390
249545723
180282803
309379596
444564208
609338243
464262338
292124418
552233177
516839486
264958531
617692045
407504277
409275843
511820101
591055399
582594990
156896152
295093876
549786534
506154123
557802213
513500695
379937341
447760882
601873576
540004524
629700571
515939500
397438326
459475120
163843919
521123492
537959021
158107046
285277411
270855818
495731780
560265467
617802123
611819076
514546310
419195127
412444477
629438977
605517952
627971333
455489311
257427292
433239837
285593731
185597557
571488113
382918224
479444725
467862100
464267177
504857615
495066787
275664443
550402838
570560340
264495217
412149412
385693266
451292091
434704531
484004709
536098108
292378863
535641907
548150812
180720476
532909397
447008757
445095662
577762194
161447556
435896472
525303133
519068103
547633333
260067324
518608070
433045892
302399776
561496044
607357354
223943581
603901113
467395945
468254082
543560698
208787916
558324491
613054289
534714938
421579367
483686274
530969826
461873027
593426368
479973920
547636967
541586761
559316621
597812362
510033518
366891009
555086107
538148846
596546742
587863117
525442685
201239125
321404539
547494721
343407282
547137927
643240805
540200375
502057416
301203991
535126604
503135133
446751994
523273831
531463862
573814051
432830413
379699479
257883532
384722313
540473350
590073918
518816418
323427927
604763108
597264347
586795485
486126620
301454151
581357671
468272434
615799220
516449063
208391451
523366946
511432140
573596066
311283665
478529891
533090552
176386842
576599838
384027577
58554516
296492266
526581707
621817670
333302979
218903360
414227493
375866449
651991515
524177494
350707219
484449938
343626695
449541057
100052613
542765007
196582904
204868410
236766314
602887166
343535667
244245070
287249509
535274081
565703629
452993001
477526623
543405581
293747747
501626256
490576051
590063369
196110617
406358182
486805981
520459952
592734802
384208941
360091157
457146509
544369398
640937694
638910209
507978236
626962729
461411079
541353243
550815977
640417393
293881203
411606699
607530093
453714880
531731835
413550764
627368190
297088402
551503149
651436382
452935260
84917632
304874489
587409371
487908039
504606090
529394429
552686156
352782444
481160536
403206086
615193680
582629478
368952182
631050865
543702214
610954364
632152096
352632124
194187035
517813579
496594082
546866313
470057358
369767591
503611780
383442819
529272140
567163639
596805313
395076249
257248085
518268709
446569202
618291208
363398720
271866010
633508223
456162130
294330938
560113656
591720856
327845168
322086005
533682489
608620727
541694343
229870145
604398367
546205035
466476153
380030927
575149523
498692298
574510108
657150692
624845460
443350458
571504853
454354070
598520640
657230441
564191561
296287969
551328167
465081610
456336166
654064758
648775352
549870485
585540468
470227857
573106946
448108702
571262755
526630771
244860177
492519513
526188144
573825076
517267930
649288080
469048289
601950046
625591486
648570861
216415727
365040167
494694375
169654562
370599827
278811257
576081012
602126341
576281073
152301939
493167064
629064059
554905248
635620938
498705417
490924780
525015634
407870126
50567396
642240783
607411911
619688751
598523550
400407576
479950843
593461627
615913360
495123044
461022216
504462520
463278309
608491188
644973737
583461099
612461949
415443153
336545434
433672816
359455536
315118713
406215296
598877712
544230243
148266632
580213516
562730540
212482296
435584707
614047256
535247637
604546405
484154598
352684952
267059911
175286625
617183891
568879161
600265584
320698786
518080799
639166926
469079362
525921803
599000215
559741475
515724639
652883774
334758216
579554577
569223136
646093152
558498752
598700192
557553224
482879527
582379512
427918984
644860677
514889823
322843882
589708582
343301405
621198373
630853112
510079450
382281463
413454180
364489208
567062320
511863762
623444029
591992737
523246485
420303514
217929903
597160988
510928433
594558079
511423373
594796561
357789248
601175345
478025289
586801564
273051114
428619375
579411031
569775560
618758656
580167066
654690740
359599914
574396444
503117477
281952361
593465908
337729391
426239468
528563028
646085397
124236510
350877219
256131738
415102428
230045526
500555103
640886682
594138531
610936767
599958438
612576882
441993824
226171454
620874246
375644338
111165146
602751404
622525471
543069922
654610889
254320351
598665940
228955755
604858553
522764535
340453699
483939092
237017680
325425189
646189816
320957204
337318954
441564099
517136116
311893678
629550815
461352526
544350759
449184722
306018207
571753805
433552444
669499974
458747168
448400176
577535909
567517314
589427460
609877927
296522318
644049178
586160658
251228881
499996649
390104389
313991261
196345296
434886529
228747894
563414872
500921001
316240333
284692798
488412857
603785742
358953824
617160311
464895380
425970541
589337367
578660184
172687650
624181634
585929078
635886311
537360195
550247500
324550494
334635299
392149280
648829677
619428625
559913492
525304107
230223271
438922590
488403857
475887807
562658134
467521642
309083075
515703341
612693194
649064565
554995940
369662810
471606847
638435547
542975676
496323670
567124616
295254035
492998737
433493670
584379426
418922730
583563391
578887754
371421783
572548220
341119840
223995439
337049134
432600105
311018178
486075361
470551048
528473000
249654578
474360542
319392665
655898516
569160893
560532059
481339106
451273899
575729945
521406046
398043817
307005925
492073063
389559326
649514470
510342304
236799190
276522636
532366950
545677569
490887320
247999541
663018010
241066396
461988573
424892262
604606970
313038240
244795877
612626824
344278271
580136187
539381663
153732886
394629070
631922662
520621580
608308512
588860212
249892837
184744668
363296867
549139244
597811258
213333260
523068004
645285483
205315673
509786387
298715047
553671970
462112210
465078463
517001659
386003693
542753637
505992030
215224497
546537349
558360932
625304148
491632187
577203611
301353545
604558845
558762491
660495633
533944689
687239585
594171726
451421630
300899835
255478106
486778099
615827985
579660171
514229303
610688628
619513571
39116634
648839580
601425242
397849300
259076646
469882010
533067490
571716649
586648875
426314657
538094893
495005083
506673516
501008272
477565204
539898250
318517041
421694985
568979405
589360730
518151255
587343852
615782264
223696158
639148790
617326871
650792077
387765030
466214736
428524015
225393756
451559101
463342095
437968176
489269362
541372431
626820749
524461444
355933729
630145074
584937948
489375144
536364917
556212886
626785953
582965691
577896878
445974575
219261296
543835729
326836509
595513984
436564652
658009459
271786234
362698681
506981800
562046064
509524433
539716209
523642000
638107209
634321233
620998423
294204113
560378983
602575373
295860199
454816717
537246309
486193130
260034534
242309768
366769557
550441241
544612300
509416250
568009574
475505995
548616709
138688384
549779848
447050695
579253140
542832518
575787911
617379175
625400626
540822582
646664611
434749981
472946674
654049274
461357413
487952730
580852810
591042175
542104549
377769703
493909925
432988995
358304565
634729640
311311412
269946457
590521176
553090715
589760623
398412462
696226300
331111082
166255156
547794863
517232565
402444986
477878418
650574589
654324147
547052423
353304038
595918483
531310243
571418951
600534486
457205310
467791373
630343277
391441919
621526349
233615102
199246104
608398342
445203902
527065485
509373479
527585053
243076741
604752266
213146894
291435807
411932303
229220192
537853239
599617001
566515388
225148200
542352416
427525174
635674654
387168203
554130485
634674157
540544043
517262736
480710839
489338566
297477427
635983295
660635954
531379516
551674222
546863909
600241243
501881866
523847910
424832284
430299043
485322796
578094064
244029253
503453589
641322541
581415670
602080132
665913000
186798582
632997054
507489527
477037633
505378721
631396806
605229806
423329806
637776770
476703311
619564422
341060214
636322242
475533772
4662546
196945728
653495856
549393758
306771888
558323385
633418654
247719473
341410498
286936729
301664450
582952722
588427856
551916768
247311929
575121863
532388393
375166248
634336120
505663951
462463789
389099262
381825954
377715750
610305424
539888699
506265558
513811526
450972895
568574151
265256960
611005080
559837098
372340074
486354313
528636305
571986991
615888496
652193661
518000600
403646022
535799635
500539555
445875099
233776023
393934301
498800731
616742425
636541873
594168913
588039368
648412037
607367244
474945717
606985561
503643891
584323221
488890946
662144060
429996112
465105587
564234276
528458077
483368701
448675204
244521771
558806139
626241363
515507971
471771132
358038178
543311403
333765110
588533757
587510485
561377293
580685210
607719502
636199132
621852601
234000300
241904094
632980709
519250355
553933107
466211523
486566286
624117035
539068399
473905344
531238677
566137840
493022111
340999012
488362374
533467662
571190898
442386649
373822818
517578050
580709941
496426100
652050951
375551849
455747323
512121106
439060932
462096486
614010946
441797053
312856185
581660327
615641930
583407955
495503031
264724588
564516024
542743919
588414218
655832124
443348142
361684420
491616208
449365523
611067109
650222171
341423036
519600458
429690167
528243002
553505656
322371424
313677624
552545336
448708696
93375912
634071647
597493821
534103668
523080800
407381414
306252017
586678350
200873584
443654943
579993386
466874250
223779333
292400469
594261807
560827299
555701024
532361892
537781333
421886510
539157156
68389132
532110657
543888394
608053407
580720769
142364044
327096427
590418625
340587826
272938268
480550945
583775565
417527757
587218126
569659279
606672047
583495929
644456655
279858489
536772900
567691397
505435321
652552822
592421594
518268254
572760669
582534685
447064237
457085936
551934843
546450850
467443726
374987348
638594419
477350234
536938644
445972418
476887548
616609005
576575646
547753706
505582438
572412999
556306381
206035822
549346379
481035063
139407931
509890918
529326207
293055968
616208662
468903953
421574397
560124411
479051763
454868450
540080339
614815111
369485235
434515051
328090204
482150331
377912809
559144192
504648751
502374289
341755069
618160879
354748266
389388141
584154251
365602473
218201686
612686908
536674544
534063884
347003364
432271676
613973005
487244052
447958824
584262681
270822845
459282099
621032373
636061015
547535555
568747651
417581518
320397261
570746503
565996535
642786031
464635651
648154120
310906784
599143582
272704536
176066386
572995646
340368959
520315076
553142474
468043377
447455949
345029033
526425314
399505456
492347276
528371928
637164914
281729064
648415691
594112462
274694596
378988514
481019802
469501387
524070313
239094092
586091750
625446751
154123240
243858538
524657782
651493963
367515991
441498247
576460743
548577710
599271831
460148116
563456217
246416842
346123279
594992703
564109545
466848203
386089808
423922808
628728207
348632988
343304521
506313918
594442631
612825404
341953685
362022331
449983524
572047356
570701413
382522841
583094120
2377655
376395709
573122100
588917448
604743895
599249506
549862100
374216705
207352577
486535914
611729157
574681690
374302994
334520756
603957449
592895774
588277234
373441791
580889079
556602663
257137330
208353596
176085750
256791597
446117165
201411539
598750778
620201327
441038602
578058384
553771355
484543051
477310982
590204779
389502292
529188230
489282514
476689528
560565646
468527249
377514403
581676660
630049750
647683843
255573157
606096482
581035690
442616365
417968756
309092704
380839435
613150745
520463749
163152217
662928383
494311227
542653203
546509388
449160213
614786890
432292449
275316895
341387815
479763125
220647917
658983576
219179164
626083355
229347068
580127539
658897098
253655568
602859044
530903778
505165592
262708702
674548769
420425315
644690076
588786751
469094050
365932581
632082971
550053946
524023335
471184799
590537079
531808501
404403631
363424897
574909961
542260109
625078835
297885649
600680488
581908171
468975777
582247976
521324446
410486365
557662902
503927365
623812741
183370807
578394305
618319645
272074932
597319070
174213998
271355310
465342835
597372382
555025785
404400285
565780626
651204434
212748769
601847912
609716583
382769865
297022745
613044885
591544820
518964871
396227251
611690334
548966754
547750019
614214927
645375507
565279270
520762079
489934561
638184406
344783871
298697680
240974903
534061868
522960674
541930768
594678787
591636167
528256650
563739572
609823492
555492877
495519088
643022932
432927509
322136103
526021833
417368532
616870268
583853407
200155074
593097096
584921344
609620756
629783185
388881835
538468126
302311019
355039089
509533600
481332462
549084901
483550165
328307198
506663982
648462837
571289810
232388772
638684155
566020273
642056156
277559514
555087217
203600466
603415991
310224319
527595692
569466947
618549696
595374261
588680919
403520028
546346428
492877476
245643294
669448856
620054306
676115387
488399208
480787767
637557434
494822234
589086816
659204799
318888398
631705604
141048455
644343822
272178781
576108598
379739860
658205452
619209276
10575239
599707999
333666644
520538499
203224432
541986632
638755975
601945385
509507224
534981381
599683104
637935945
612729668
398390620
527338299
613025144
341993196
507247072
485173869
522270951
510210478
535115675
566008850
538959923
529174771
500237490
569644397
563553170
465165372
379983307
380844061
583111351
552260250
494630480
598611150
465970489
428724186
258792066
497710663
380578986
526040357
248955890
270872960
340261928
573304938
680786949
330773741
255946133
460998583
257475648
592231764
350741042
319217978
618881459
266567787
472449037
525261350
456583489
462455907
488010437
655791668
623972170
453152410
626163647
511952008
576764550
446223310
584181258
253334796
599233652
536898262
611017664
629395741
588514382
302304295
537356830
586318161
364224583
248755455
567377718
560539223
524297578
649904259
550730397
507284764
466819133
291591729
472916531
206955168
553653516
441689997
356263492
549269214
615917349
533211655
245398752
488613310
630807029
320905341
531763373
606281345
594682679
532581603
332208965
585848947
565726386
547380221
466842488
401036131
614105296
331837171
617906865
561535760
253039014
255291179
323687283
539361701
587007897
556119460
568841410
451366767
492923931
388060694
555938062
534436274
614888037
561096495
518886619
308352366
546026794
632120294
618105610
574328771
562858890
165110637
573318053
411074964
590960924
491668906
332359440
582445588
564125464
532888952
456220228
453125186
577432235
577685126
177486735
565553504
503599508
426699156
607358485
562278922
422908529
507400119
177445151
211651246
513624157
562838932
589770478
511589035
406556726
617029651
269186352
514095217
347034214
309533226
639638191
395445915
313789284
604354981
602506792
503740348
524186194
624077027
543270095
508435393
230252282
635463684
443779402
410287562
245256706
372704351
342236665
369023792
514354286
645634246
539527553
436252240
215685792
508517390
586439549
311707772
194327858
632799987
286329814
530427871
502405333
174265989
537575870
299729787
491028947
604050604
536050684
225526108
597374910
529901154
495938748
301023863
436819577
592086595
414814170
609713157
185430952
312671484
430629106
582201367
553763554
533934571
371527505
626902047
489982998
434227411
381458591
588532881
468420774
333920610
176413881
532195637
488686185
596648756
310618959
541123122
447202219
626198017
226984327
527321763
558175807
567401697
504296438
619358802
596645430
606361239
550542104
576151685
234114125
305742634
238438039
524953604
633707734
553238075
561236612
419702165
618483156
590860582
331321111
531733768
413258795
575031057
327273129
528626670
559546976
451996102
495576000
428729716
531943634
552054294
551914102
648081109
492891790
457530911
602556429
524305117
490952021
244701924
540152391
440430902
587657127
448614918
642738183
475311433
248657135
618682671
285121637
551700176
591424725
449853170
560936924
509482635
468259035
535748999
483389247
574925572
488909001
571631689
405902915
238281497
651130481
613937973
310392137
509087356
644188789
545830686
469829344
476356238
598104354
569615093
430813101
447969233
553973924
269156212
482329433
417438414
517849835
613353929
629635808
487562201
542295190
566768928
612553667
11452890
547975816
446271560
421796349
547173471
562883128
412854896
377770633
490023820
323720008
351400465
552454113
622762025
623072390
368986922
542103638
285410251
521956101
411950354
254820949
239278081
570971874
320944406
344509373
546635291
389076314
247531513
137426038
616922910
456586122
602826444
650765219
415872779
536285832
356014683
397361772
588930765
571594947
432035708
378273478
326119365
462723561
586454781
418965207
496586856
177439630
327997116
179564442
475653799
263963565
603543840
485391710
573114734
134174496
523566824
340604836
464470216
436103792
606066405
455996978
571515915
629902361
551817481
242362047
276681306
271465233
236668947
565966162
581786729
461274527
581119498
575092421
612714449
631778485
607630515
499559720
626294022
408652297
316213926
344366053
494095697
601566871
519233928
531479531
601077083
515293033
538944619
422077342
599311719
516932389
429230022
550081432
207186098
602548205
465456733
617332662
544408348
499977341
535478929
571355865
462295013
234745474
472676310
293975431
564809673
614305533
442769206
285646482
511357548
85898969
323644779
562992860
361309800
646124464
594085718
522352908
478077086
587975309
575762350
639383683
593802186
590931968
298676680
603303084
444637493
408447550
401229342
655831015
635815832
306657733
460621321
185711806
360559384
312556878
455069044
567141419
647488081
546770548
589709358
503113862
120092361
552118818
267323330
453217105
590640374
598290117
550540214
614950078
183855222
375328134
503383016
533214056
564213788
443815663
582134828
432219974
109070696
502266071
342190255
496502796
524281018
563824041
281869268
597349278
452973824
459231667
471115337
643605266
487665464
465395165
459400048
654726152
656013055
309997181
437583092
349665038
572504348
558319654
386186084
635357661
569464190
580699260
588009988
561068681
515011189
568535625
257944194
249652580
364891205
323184531
613784282
564948007
533836753
606863905
299946780
375576833
571007591
318129723
641895598
652966731
583082201
615487018
525262542
569324189
608610533
529976596
548183303
593811105
402070591
556148324
526407948
488769127
429454533
215699644
598937982
627005497
548208655
504986601
548447374
253517301
624328102
354685778
514001026
511518387
532521441
566419962
543619846
566351911
594054211
370179763
595187032
614563749
552419727
550877799
422545791
546126835
661222105
513183999
193903748
490231825
651293703
619380355
362446159
577335136
549108129
664887982
577877887
390406599
459668118
622081726
526219118
606397120
574059794
540825170
566597356
589549610
601984407
535674915
472161732
537109408
499991971
542397262
506769193
566594212
592392663
473267131
159725284
631181106
461355014
560914029
263569133
630794685
389783670
532336358
422796250
573957341
188607686
440091179
317395926
515150159
572701680
612665769
322241902
509178722
482331852
332034039
567206599
468042100
477175006
523035805
385309520
610746947
455183544
548696864
361648102
551691497
230255016
580694327
206587411
262261594
592490071
614914138
323006915
576549834
504793638
345795834
548910189
541833332
261245501
346506795
362481170
543677056
344038735
392011706
537041796
540658277
614933095
565045528
446457716
644428247
334272899
487237687
519225123
392775381
255653749
448581028
211702937
541027490
377742639
355729934
383091208
570354913
473987832
583830873
525341884
394126327
319535005
539606840
327158070
554640982
240304559
567578394
462687754
512605246
299244370
541715273
480973662
588501188
300848050
271180229
323131033
570143536
202971529
661048564
518959875
471907551
521481189
653234129
261944545
374180545
595757170
583240416
513812639
575508164
587604258
607291435
515595119
254290723
510612706
188982719
556594502
504488896
607555396
567802271
361543696
394152248
494425579
490108320
502045599
641802793
497472584
322713255
541694571
619960028
473122704
519141711
462765984
654414846
453772486
588207662
471651574
408324104
556709164
535450521
408573524
642031323
664025685
597388805
510788079
598428247
428232854
516114699
499502777
616379754
590363519
349642440
630568545
391252864
474169006
601504202
616220685
516415223
576427449
610526599
388664739
391590504
509599948
478875343
593629919
504755191
518309160
537948376
181472964
628773462
555543711
580660004
431004690
531736559
636136217
359329584
556301869
478800480
547587088
563576892
485545863
646654800
381546317
450614886
630058812
536058379
525620767
416707063
644758582
582303452
578433776
569564822
517159978
566062714
553741545
608138447
563651665
303407944
552479543
605990312
629950509
539599437
452286444
604075157
611742734
332079640
630173467
454940017
519019782
472742598
522387304
650140822
536750356
611400626
576750997
418700949
478652234
570380815
510966455
560165263
254715526
258423243
497166136
485578013
602912219
266312699
499576868
646362037
522913951
649495468
507163641
518592465
610995213
466898501
344609258
341866452
578221652
576113207
417873359
346855244
431954769
435249351
445822759
504216206
604622258
587474456
570570715
526840606
533432710
283505588
540435285
609669203
568050102
630326942
614756524
498924406
655692005
584855768
605189096
644081371
678459916
524570724
597657509
518083492
529772605
318654528
280819105
591630359
290741815
649840301
602357265
576011900
636657458
619867739
512342163
245372697
469520270
552630948
289007459
645531665
538729273
509186861
366537680
592919214
560530184
596782725
563456754
441224779
388809996
636289059
533876189
640414228
353542901
442576924
561702206
215959716
653634647
707256946
573011104
590160968
465258032
553939356
558336886
622353796
376952435
466323631
677611931
623683210
467786324
530578746
416004109
513944776
616336988
666945895
643189270
588162868
649794250
475354152
497039650
213238245
564839897
444816118
590597863
690125687
657352169
582794990
415040038
611011429
460012066
571771895
586220190
641765232
511506182
586777753
554697135
121941032
404225767
442533187
606038242
219176975
540709428
565764776
301557135
329456409
543492738
684392017
467843498
651532515
607891128
608696194
531253424
412854232
586625999
533666251
587512530
666705059
512233977
601015982
545693604
692451141
662580456
532577581
420203836
654057212
309027346
279805876
511866428
597088950
544359724
622279647
500242283
590435270
526564015
506027098
505706111
591471692
372094284
516605193
536404477
288389293
554881100
585679073
600156520
714560164
536743281
634237652
416467345
661103141
376339244
631845837
573241629
563276126
564940465
677104101
614918088
467664440
211592896
476922617
616197809
566390795
554466678
557498272
565891955
542444301
647915507
516609949
499331719
653954219
668547381
391858410
479462760
715892474
588582774
482755597
587548216
429267114
451246969
589807905
499346929
596959535
611980546
229261078
580219766
703046644
548380828
478384174
548040880
418329377
500001877
531950805
199378988
539461047
337369057
559369418
248716822
336963397
659713165
455155410
544562646
567266121
616539489
639576197
259515439
351213678
693275445
265564615
433204570
371276736
569376441
586918231
391089870
319130266
312612076
504789045
690183796
459266123
487668149
532194436
697282648
547964078
213000089
515012284
669181706
521925614
417778683
609178808
575922552
515815914
282194709
411407531
508565339
522033941
561659174
281871575
685644123
545149885
638820107
464423285
636668569
549964904
564634020
611357757
423132904
579389755
661346828
558234339
442027103
483601820
460755734
551972958
523214660
438825001
653927415
285853482
661735703
714825878
719171495
203814475
511589489
657533645
431803374
538757800
583404731
257992489
508066970
466092973
284225718
646534397
630809256
535911769
628008377
561146595
666080605
561913166
296827996
240507649
601305094
570630018
118939394
587745677
365172838
501739892
557390183
604731721
595141526
533116786
318969532
444969926
582323634
507626894
403997593
569940376
447124287
371045879
551115083
710086307
451443667
558246048
556618286
562259322
579726418
547319485
479831157
453179100
602796076
589046192
464764447
459293659
557720114
558082825
593442622
262394973
470840992
662159156
636433569
301359141
592179228
360902198
707663431
507406221
645541588
610989536
591070944
513415371
572215019
597773155
266496981
568285702
500703747
657626000
531901593
701693673
588390394
592997641
570173003
573946858
691019471
577815055
558577303
656149089
312538252
686502901
652592833
466564769
554898837
707996638
628352423
730215246
526512708
477764922
599169431
239727758
323103028
626032144
546770135
288217898
591340775
599454649
444692429
564641122
447839001
533881185
731546957
172580984
551547269
275279991
661348799
622673705
536995599
606029549
578412057
350793405
590067413
588603189
661431665
569461281
429152703
154689914
515117196
496060707
429462625
520127474
561524882
394983573
322371980
620775899
586171598
392094127
429226065
606581527
699342158
653693929
445342292
615379590
582481072
360750637
650288419
461010323
564651938
460514757
531441925
676144412
428554484
353463679
628026356
421577355
613066187
683574340
597153638
564843046
474031652
553136356
670094485
468332155
682270451
607875343
427728115
672775915
363375202
739891918
558178021
467796240
403144399
698352199
589622690
508271916
591575157
377994693
632455794
382131332
306887752
655993225
549658775
536919867
598832452
346113519
664982635
574618635
615195234
736838411
167176743
527283617
704141602
451136402
433278013
198067750
557286637
634164212
537006906
483387543
709368118
537975789
386880994
412035550
428760687
510620129
575628366
537327136
367944068
595935138
664915579
717764078
503776346
304703858
577767613
613208294
694484172
497673975
547725616
316973045
612119858
514185403
662357803
672658639
561749903
615011042
563885213
295028682
523680281
494808087
656324218
664080386
471795548
571889234
591031058
533548606
367287574
662059022
527815489
232157903
430181371
561072141
517102905
585075741
405588684
360042550
497729665
608601707
661588104
574641554
513738922
522318811
531410735
605504696
569884679
570465307
615489322
561483319
443791616
538125646
441915219
342226749
511592825
544953973
400868505
697012539
581115685
730652088
720293724
203809130
617094946
583148258
615572628
662275452
735920552
677421568
303282415
660237675
544379405
709579066
350694172
498534019
581364864
334834259
718843388
467510010
703375505
751346404
582207826
684099131
758330887
670635685
456051889
542328560
575346239
708926410
551648351
749693447
705072853
413328943
572219266
362874755
320866161
390178302
730011480
298542974
701848589
641860192
511919221
633881979
487682280
327488179
561550409
662746163
395395926
596361920
569498695
661160634
697825129
717551496
649324249
519917341
667510642
498259816
364573302
397292818
590121860
637021519
696468351
532040961
508273715
582467463
422397000
457035764
176534977
416317873
494827496
614521888
483160364
653489345
465061296
281496701
497661712
595156762
333354216
319997119
437908352
576726302
489482709
611122873
754124234
656877404
324171362
622546404
536108391
410928336
456619700
462183919
364465187
578404544
729053777
224856179
683459308
434253407
584900238
669804542
497308136
466084286
436216587
489476928
674729706
517807913
570788724
466057171
349604540
780837900
714766481
445503747
568844384
675115715
603062990
770329694
410709352
651210428
177189428
684186429
453211732
775997160
555354748
541628675
453849647
682219392
618878905
773357339
731440766
575367913
473269704
692490360
739137225
558873114
556776538
256403772
647019106
755598286
749037503
392797833
599838199
680496238
395793845
615909678
622218906
611999887
419424493
460101702
539993626
388121299
600684356
806305799
150648257
592827230
170869216
577218769
384546164
592087543
473643117
477224460
274126911
433864614
354029901
440492254
373319340
447194944
511941802
530919959
162927137
404156257
557947337
464236530
542101052
363036730
321019494
479267593
580007246
358629018
387848100
429732388
185076753
647814854
433919245
1101021760
1091274097
570033545
692381199
780095636
638183092
454801923
833909035
1057930204
1108314975
401647893
1095313570
324819778
348033615
84881145
787499460
592052813
574975191
272129345
780556427
484164044
852858699
1109472309
857017564
637740302
788324356
1112478551
744659635
1091142793
1074436034
522736328
1043776539
73197583
157040300
448832904
1055431001
1107850564
643701232
568768472
565198546
445194212
785573705
775797947
573764752
511651850
592556964
525579838
533061948
324867093
642766008
780180577
853621773
1106605177
682417652
394480416
674281998
653019602
673143299
1112074171
723395531
688229825
491137850
548344518
595435727
610460176
662219455
1098638567
1065910105
730571529
58535315
275977425
672036125
1110520139
1111664696
508102632
849279325
1092382306
615218378
373018853
1064224667
1066789960
609429842
1093545052
1105333907
742297956
796831107
330858756
512643788
670830799
770488924
863595547
506022605
1108937298
377819093
386556928
157661506
280794934
592111678
630094356
538360076
305468594
505302231
234883226
585876212
364702151
579260437
498219066
544416569
228262362
49243267
369332503
569460198
269932235
559915896
425386700
551715690
374687814
557290848
398513255
629974469
493564058
532267320
506511658
601439359
377156711
453443757
453330945
640195979
542261932
371894615
391640200
628859264
637260049
307832499
314900300
178770952
523001519
457751622
509218985
603767571
517594375
538927767
519072927
326850270
626621126
523085133
352267439
504834018
547178117
562972026
579570322
591703535
496885389
371481450
415702024
428505475
515892188
331156246
609180414
642183335
538555811
582881732
615920692
585416971
475665576
567466773
479980083
453527836
491924624
331950313
567207747
545997846
649924744
588379517
546205241
616230076
519649258
657161605
649360134
361024639
333830528
608648844
544930731
427618799
484582862
590261217
551044681
556450709
510705048
373972217
574157507
188312015
446362063
577215659
451141369
511172116
571376615
205294208
527876141
585802521
476481582
200449722
340117713
601865673
544788687
311486219
427615311
402482298
629257198
508252354
574492640
393112564
639119874
548238842
430235688
398947994
535189154
551285558
548876422
324159157
550027525
555348103
622870462
556628186
550941547
597369100
517160283
552754829
586376112
415072601
521605823
234828693
336715274
580937697
462555185
312149259
406852635
616173032
544136911
362352346
514814109
643315933
615079368
373771958
510128202
514075520
625008095
623816196
