1112242207
805627153
584523132
431871172
779461137
818847003
1076431277
484372459
587720759
278624796
302631330
1023415779
1106064877
1117074211
531461852
885073764
818988824
530525092
1056169221
450952229
390561925
1092386598
841840764
533366497
592556964
587006233
380834565
791348227
393274143
867178033
1112594858
212209791
353181747
744339824
653938507
462958413
754459596
681796653
1103215533
634436525
325871778
1089788690
1082076810
542750239
277096408
749993206
779495907
591365514
597189521
409520741
521772976
811121441
288817318
867392345
297382732
1108314975
592052813
617483095
1068889175
484164044
873533178
852858699
547697396
482245996
823395559
1112478551
1074436034
1043991434
663203359
700757557
1061134513
1086509380
530616045
569481422
812073219
306912725
515653847
490735889
1088144929
662394769
527457829
432426804
1072368693
1083351394
280583919
784871894
844408908
542446901
780180577
881085580
1081256496
284280913
813190476
401647893
333058059
1055431001
833259419
658294362
631075546
704082440
418423821
610103079
73197583
1103358224
1047565323
867939136
