509693063
47450991
398392
1054240707
23851962
546069732
456969130
537507010
187196657
13117795
290815760
9523920
348263518
315894723
368833170
29812389
210734440
200426325
753172445
289045966
717451986
575279031
146242456
409386705
488359227
46555736
310143644
896637825
1116594591
537845014
204207309
1056239170
167359519
830892680
309277253
538092230
454474
121392401
330643861
132319535
812748599
7255859
458852158
676859408
516855724
1056686175
351009072
287693082
442785957
374590131
182241924
88570346
571707946
585644289
339638422
68188112
255967314
1037104210
614161760
866926549
798503468
1068452330
44716320
14942755
30519122
491325788
63063351
351214727
147059794
332512653
561397981
244133204
1038092605
10889536
25376267
388938090
23224293
762505582
453169869
1077203837
478995968
390902139
1120448734
283856609
217959653
774073654
63518209
45922334
728936564
67665865
358226437
62388966
690506473
359688401
329835718
540603771
649629519
529425939
376003986
210321441
461706054
30528671
8468803
576511229
487612490
27627911
207679525
132046420
308754974
404397674
1108517087
662875913
421923480
614363270
1030578700
210649046
154659166
99691358
37921973
446440540
44917692
52489856
756738316
165480683
609977943
857988513
534288116
620764900
5559
760190626
171703249
207503400
169959566
19534315
647403588
158207072
557596460
452877340
296337537
348755781
607511984
1969803
411077363
140867667
615538706
189368241
331963459
52543041
888776786
120435850
338959665
594963477
518901457
788797941
823779048
94656566
703132732
304597183
272311426
239081807
1059412367
511200861
31078236
72212857
443047506
242667155
18325563
1119895561
880205346
14010615
526734067
56006220
1066843151
7297462
12226104
502457411
77742319
4583953
5628935
3200479
739920980
133308591
9462750
821571394
598193813
511493130
128119349
268308336
563846
1026440360
609207098
64804803
633516032
601370228
134726146
124539507
524410368
454450569
767901240
133305320
185497120
658670954
199574208
245465708
199017367
704356180
194420188
754323843
107365632
217128109
217187525
649241663
59955650
499383089
492872321
625746792
299151310
63420877
164947242
160864202
414524744
14636811
20913334
94219255
26153684
31224868
1088513077
157780621
239798064
323837203
7506758
1119145255
35945470
22596743
315621938
141892655
23756989
26709981
26183854
259900121
703702047
777107
44611787
9906212
1057152
199017831
177904848
42791629
64186299
1019598716
360884079
94867883
422261862
545105745
711618808
817442913
1120904300
694850589
1119447940
269943602
363047303
443875641
643030526
361018098
139217704
339753185
3812887
150827526
1119913005
863151202
1088965138
62654714
203171002
277867887
324861599
10323928
25557509
457722531
147554016
424478230
60592704
740125417
12201129
816129846
13369645
58864287
587420479
540583258
374410079
306912725
563706582
749812
46614864
637432074
367225049
449072333
115810274
888373445
14387952
287586413
429456868
797729277
362484540
591223
138891952
49185763
178018994
655252310
89180787
377485
554639535
622120117
744154431
584275569
820502334
461439372
583181237
269172959
811781039
40024895
259188425
873442748
172249064
127932414
604481497
252157
807285
216245276
7325073
19281209
4060162
208506198
174196702
381804184
654471683
189546925
47654551
755989683
243785066
231994284
38055537
150929876
2490880
240049382
152371058
196271442
17168406
821190070
372978643
220993267
392750437
616546998
476047733
573579762
477699346
479111274
124163590
173850903
738282492
362148296
63257146
1079674098
1058651232
1607848
200000645412
155837893
1120204646
519270087
847244108
411062242
609498450
325651430
138865031
558259105
469714425
665282843
354653944
85898283
499858424
497780104
83098638
676186813
357180610
125161900
45970600
283038272
341929161
247120965
472112191
89317487
7575871
81748487
94969665
2074868
3666330
579682352
144720507
603488
284623710
426959593
682613826
266078407
623202340
255650252
5041023
5702183
504245216
117391972
374433441
152859427
33388354
140316197
21377875
17875373
246048880
375476491
793267052
1067205827
371392763
234396905
392870912
193529523
663109835
265455212
414381811
220565888
422722506
59256784
162453700
1049979976
422658516
772486817
7947837
93743159
259904328
498519365
772143611
576532471
267052853
358944967
144379213
561885262
259084150
774971407
9247664
213247382
728860367
771225728
12189929
552074084
413812398
762586185
318255689
15097473
280152032
22114436
710213998
298715147
28166629
465132330
417721891
243095606
1116202202
874816952
506239220
1039382343
605701361
712019443
529613477
529130774
333116056
213305431
282047698
811186759
284422775
594359885
558272257
623312979
523575188
635014727
247808503
1106726291
582210180
1119698633
486135429
35842077
334724336
192841645
73565021
492407033
419280839
403899103
1105184288
1119063408
695429766
399539610
419128512
336248105
557682770
349461720
678578272
182042663
666961810
506509711
513508370
854420036
602513120
1107303640
391223375
1094439334
743799587
621515235
1117868885
1120148209
1070243005
1079010235
577445116
543395499
1039947218
136314052
299756441
187812323
283223226
411608048
1095718672
609522678
62419998
30509221
185707117
146271488
248540637
331264357
176808092
372685136
1410
518805131
495724224
175814957
334745191
323094889
447848686
168894667
561927383
79489951
794917458
3396808
89607537
290013650
395882316
825199897
6776445
608086344
189064637
567658512
729059830
301880135
1116022399
15559360
97385598
178734898
220998086
188859705
197922594
205131842
1086511829
21169609
9833125
91442876
917433
46405304
559182119
143489932
78504276
1078888631
251959095
333185291
1110072705
872246389
182574835
391436074
1063915418
71411681
185236607
1056086224
1096297338
439670823
3083445
484164044
864621101
155222017
206373535
364050552
1120417270
521725514
1105348447
10242423
3860065
299772701
1097041954
154036465
529657970
783533767
388327102
324146337
163269339
551527106
551249016
305166761
260203032
109196030
177457429
271734019
411212881
152117482
290131197
587662241
796938033
574229806
372639881
491410430
1855174
232565367
184277886
346964516
227100231
849001259
412036295
830658499
383815830
17116918
155349971
508895753
107422816
71012419
600733793
3466160
66552556
451673522
873560683
35755884
5716131
479187930
353277820
192825193
421925814
447154854
22907953
107537294
347420275
495107177
76487483
794335053
540211411
775101122
4428225
347606200
246473366
48639360
57149698
154809246
613020741
750825551
348556529
467134229
138532552
499330619
447326227
6361048
468379117
650941005
255932815
3360497
235946256
53727362
530869038
214779458
518398190
77524002
395594543
10045960
576663114
351504990
67150748
712968224
796294486
792110812
94983248
111068049
52061931
374656562
6003858
275182479
806237288
886402729
228271153
73809237
347162512
156665008
333694362
556108744
850296330
168252873
388214355
610412025
876121068
526711547
93490163
794204817
384417980
861700139
53387731
1085500818
831263321
517592309
872589780
17414475
717882928
1081490500
32056532
368576094
543285830
7724315
328489424
655076705
591020162
612108735
1109738259
41071276
293010809
65667210
142637772
134844618
233028507
105338498
632922549
6741694
424470940
30227908
3265438
677095220
12705674
138509841
457313947
40410442
362255935
648695278
352576342
586450273
1536371
232187876
52485430
686924204
2338207
47396693
240587165
4833446
55039779
222627543
1542717
132065462
231051631
8969230
215546583
135246512
2270676
214534121
679362
239955513
73943368
19029926
302179851
694033241
27294611
200000714479
1115026757
141312794
614446456
6203390
729649245
1097413999
100364422
20459304
1060584985
1024181081
164146226
353926141
18082184
9748296
160545357
246771224
1105002940
2148358
179891319
71278698
244402332
34187155
94401109
146328286
4832492
595997540
253954916
614858780
29761998
635653748
137349684
72892690
4209855
422378
96169455
356375207
1106696802
284912820
370178381
560238150
352311059
236955454
139422133
91785359
114216955
266580592
409042528
11424447
737907759
110517375
284507044
613997575
73994169
145544935
240794351
456394560
224159582
572373608
148404068
83795
641885676
152299032
710576009
176358647
469053584
352428300
212867582
98051258
26121058
231896633
237673968
578172538
161638983
1087200315
250705820
427671301
202583152
316803269
578367279
186360504
136036871
386087536
737230810
813542826
710294917
31130527
25443155
40760805
244495603
272239924
1111592440
676530980
67336093
39938944
510372817
411987814
142372904
548583848
132561843
282795494
1102824810
273759535
182369121
99785450
21462424
676096079
150852969
1111615860
411789457
170074709
323827035
4517328
314303070
172810237
30011642
152779278
59672101
248040210
162341508
291362207
177246730
28952505
202941288
23426410
13719383
89246370
201612857
202042090
229797
424429189
885821350
1069175461
38869519
133747052
226034638
2750611
3600791
146426858
322088180
411361925
260242975
47850586
57712824
291031581
138302865
160656573
42610427
99285047
226589097
16469571
41213472
293593859
201857
21391403
395206464
29763275
266535592
83362652
794968369
526719698
452071673
35041745
944591
539676108
216024563
154170540
193696094
281247682
355651105
108638926
250298382
246822223
13205109
524304730
141027392
243229609
138496523
141663133
349268314
863559522
438318804
51288019
184879752
5714205
18313832
70416089
948877495
255561495
439303487
348463094
599129059
691456
19874368
332071873
337137386
281481714
444403288
355411810
30783836
166880526
1069128536
222896828
92357435
10926571
4875704
855779092
350539825
510482029
32735346
204517615
738808163
29516
24134946
152644705
26701038
584530626
292599269
477762604
282660280
225237299
41391176
74538486
147501684
728896631
622771104
145989124
909097
35377379
4518743
165686053
1563628
709280827
648281933
294109
27582927
18901574
711504698
669746790
535561232
17412704
611066517
881365661
574467719
5898852
564741571
2126653
366315567
21408494
1115192402
153697176
615723049
521910778
528386033
553864345
773238280
26248519
178803320
82766062
339750684
262288102
6226938
875583092
52354621
195313298
58998985
469169502
230567733
296327461
78611032
331133145
13886779
457910248
706013823
778938084
236409803
555278204
400936452
588043139
180634892
263008163
750562432
873950227
104865564
405631764
106504512
4033427
1023415779
243613199
165685715
81482109
1385215
328947075
1105555460
82633038
353223129
585519573
636019596
1052940195
554504994
465613584
456645852
658598488
70740145
384827207
326088405
200000674885
850133731
413372381
426273947
216656718
772312540
264334784
589840921
237814815
780395010
679004777
880540337
533591964
329646043
1262121
355767618
1119172703
487523770
1036603444
463780386
22901206
158230033
829196639
101403352
272529202
81307320
1118503594
575284122
1099293441
765011964
506299458
6111231
126386761
1038740902
843263766
327095726
737229765
103006924
147077249
320062187
22063836
290992005
12902157
361691028
885917796
195232604
150750796
612376270
698049967
20930854
361070702
406863392
81929107
269743118
531645383
1103297320
875007827
134625791
125428801
297674770
429255725
335876715
135442395
193337332
336451395
184769285
307815418
628455169
769325559
203053285
851828682
858635231
745526241
412082728
599944
561162730
588868926
275829589
211342162
895866
769666209
136984619
122290840
140742240
647151391
285490163
100561756
883718493
37300859
506325757
17588207
1115765987
235366254
204737235
713587238
278354578
193238206
170367964
1082648974
393065098
51371736
226574056
143257240
526087997
561218508
601509251
560182657
195224880
575239591
70862362
235139193
503477952
142068822
140093047
1095562291
538729802
456679139
1051831291
680190873
627521363
150037931
112443831
404967505
573336516
99571022
530829806
221235852
1066801298
731499781
182030603
615648218
506698382
295866789
271357544
1084032810
132434206
648966343
225193175
335578414
614584730
1096212309
370693196
180930157
183624726
320380470
359588822
267117873
398442470
198143466
247742713
236169748
272200462
151940164
320462477
269345024
421005418
173326506
434317983
82788251
351844397
392600577
281892375
247106809
158204355
299684890
408433018
32876253
390239406
292729894
223103758
268821166
354034717
166262314
327596307
157049064
184265676
70097885
173869527
422963962
386035696
220549837
285876249
373103839
182619724
225846631
336926849
394419011
68922071
240667511
343095315
213061946
210115696
229413481
267008300
321958631
137045125
125572011
298384042
413723047
381671796
110156673
294037624
256062474
329061045
134296571
121500891
421695886
410754087
339352939
411479249
261689021
312834497
368677016
71024201
422419269
131071273
328731929
91848207
433343693
181157309
428731019
420721989
406145375
392483042
213329641
161955320
141248351
419681210
380493899
367786024
363671761
370570075
282581467
215761098
263840660
101718201
434160155
398269473
424222994
210267403
361543019
288506524
303999614
231721249
286007134
203686186
417866429
323034004
198004128
415109793
317886999
367745553
401000376
374163354
399034383
330978616
23940990
185284474
207088921
255699234
408830497
156240296
236214193
212607407
302384808
134692640
133689640
323411937
384840182
426653889
164166289
155897031
181747512
211140285
343746234
71079958
312410054
425888245
42056785
237622146
430375195
300297641
267289610
240437904
278339414
237065319
277338330
177806302
359156907
359148519
371185125
96486921
405350488
138676928
252222450
70993103
289322824
226331328
303866511
358234752
248831
403264901
380404405
184341307
382700973
239955658
388385031
2228091
408038397
55518061
2028922
2043063
322875159
168119824
428006205
135213543
98623267
414292912
277644628
150895416
308791997
257006817
127717826
278079589
317511224
396756747
439119861
173731192
399098234
178168448
380845697
215989998
258215727
161137285
430359613
383287198
380501857
372886117
351234013
19050405
136631643
234462038
150640567
330766487
217132729
353330485
11912765
181889513
248956343
428294707
398319486
382021729
341262776
254567577
411911649
271768712
182241660
433526164
118419695
291646979
398651021
248429761
348720108
420294499
425245700
329226656
392731461
451055670
449276144
55178901
134682578
208652473
421298946
296209073
217590283
420903262
354307779
458267900
390385614
298487580
440172768
423874139
356506535
454855666
376527528
252637957
115069974
266589319
270242539
277809029
471417142
370703286
297684009
225199814
332393787
178845027
398309578
7365939
373245870
187324683
189055926
462957718
396885343
401424127
1202253
342392352
224520944
150586241
438601777
349867327
450149341
264434961
389244382
143691065
406447103
216242617
495057318
169188103
173656239
156718673
371429943
383114448
263792467
132211824
404720952
378245356
462503726
286387385
224000701
475445746
509130314
510147970
116034230
20144068
241673214
530134474
161634863
348961402
510263556
1636251
508369972
526271060
422140250
544087621
98090360
349038092
500031291
535973013
221832331
433525100
532144341
571228216
570651855
494372150
557739642
504470301
325116220
340127173
371527904
396375302
571291681
512278358
309749157
20528522
695655895
401268099
616700801
1059884643
1054979803
136913836
8101876
614611173
718758583
149239719
581651209
432024360
280563863
281074117
290299984
379009967
177818646
524022046
551172966
1103764530
878781432
818988824
238955470
768040187
1073030665
1116778105
161479371
575828170
650889318
480235387
255186888
710602043
620338888
604441358
461394141
277508448
834691403
306024761
310023233
32442688
581965627
846699168
799828934
559510942
651189511
1024717921
527914520
267023376
849422880
508151196
221463539
753638867
187611692
591651073
252291473
883262250
753290620
867414113
432985202
891078930
62140049
166041113
563135819
337648893
183171758
69070604
370077411
365707328
1068498328
67889790
1109974720
604345198
815162360
580722455
317975398
649327623
1110087506
528309912
560805133
484892054
189893741
562427890
333172099
1040176768
190416365
537186007
326801651
866075762
806263833
437495225
