1113627869
700859150
304667725
694878403
851212203
876554880
791294680
4897897
739561402
1099378081
862196764
1103219537
450729245
803510530
1074520517
277343647
881694151
1075914999
633367648
823846102
524044773
26335187
288928011
562371580
895641655
260356799
529502477
185881073
484164044
542877018
625520494
1108593757
559985418
554266370
535099874
1070015111
672325788
561550514
367301426
825775131
546097979
630309611
774113697
738713357
661212120
1117268008
162178112
1117196167
740168135
587446260
556284988
1043478064
771683353
687178476
787828608
759916607
1085687479
597589954
643701232
383073199
879344355
883831964
589481915
731344301
500051422
812692063
1074416561
1117179292
252110052
704745040
1117803495
532073447
846822862
669746790
507118173
454963979
525579838
764451410
692562159
700818601
552906307
52261196
1116778105
238955470
534556672
136742628
259794774
420230083
586042188
368289513
310723071
237399087
708900669
831577514
324328570
584232347
377245304
755776838
351167896
288900425
661874705
795025005
299689928
1115538804
217918009
275144529
847473733
1113780697
208315764
621917507
400134729
799684617
840239803
1042108976
1105192597
574975191
309121061
242755909
729414598
562008328
595766301
666149161
596701732
1085815661
879205945
883092073
361334393
751287995
469414338
534400424
662394769
516466274
547697396
331944148
832508863
877988206
434308593
789523971
615617689
650633553
1098928323
1024717921
628884594
499087132
300781857
878781432
722699270
948587671
534455876
721690705
297610722
1026142244
1097104359
892800851
1078973936
741109970
533061948
630299633
632209354
867980670
589325606
682397397
473943334
772818933
1092685852
1117503348
643470849
773332297
377881783
834851605
1103100326
359319987
872485504
772838665
755386417
707078623
1104495066
722033956
792798833
331667387
781887124
348634070
1096310729
599655911
867392345
786641925
602140919
703165564
559694511
303284505
205516698
782342358
488109849
786127524
852901964
1115905068
876404959
606625118
164565497
333331255
851302736
707410135
1077490281
838772213
167532379
646449774
1097854175
704377072
395258546
324019599
564306168
1113402957
26812971
1087531168
654762124
1102312810
584789443
280168329
412680753
845546593
1044497566
704579160
845942835
615215495
728625231
700348037
1044493375
803769840
516977955
1105339042
561723597
1095313570
666782551
573699450
531650341
620337335
821392522
816153715
637740302
1115143600
264625561
194851831
552646430
1085647995
623907880
597594806
1033131905
1108128387
1099177084
405603646
869492972
1067900846
656980459
1079180250
157040300
613192981
263098364
734596930
824831159
812073219
1114796998
705595296
1043844671
668781468
1037275554
323906190
1103453990
733939061
1076480314
410691220
582933641
623390971
794611201
577215543
639605696
852775684
258389842
784677027
644207197
882127579
1115997587
393057221
139396033
744659635
521074436
494983609
587342518
799753553
527321498
600965480
1064981626
1086700350
1072310348
797526128
466745800
620591008
647375300
1057244068
452854955
481380386
750732542
1109940249
708924245
549223008
200000586192
829457409
484159236
1034395424
1043439484
642766008
1043776539
1118006576
570353837
580148845
699604215
891026990
169033843
883527157
879799107
791898946
805368703
683888976
661099608
1117662965
731535907
1102244925
577465962
613177899
614291696
458781244
681000817
1109472309
833444361
1056839924
350521368
744272483
1115018832
760076930
368035401
700121039
777341904
792894102
596022989
249899343
357291093
1045987393
1118097881
712610828
272129345
501435985
368912464
626035257
540481529
281322737
49448676
669909224
744992594
1087841288
357436189
658995320
649021614
610776735
849219673
892334812
559064016
678495095
1106514944
84881145
729396168
1115446385
502390342
692197545
803827103
633094900
696382391
715400555
536108434
698817326
772002217
862300630
1118145570
693028578
379370028
1023137562
1108859579
575740785
864527994
545408580
332747252
580956845
540432714
886464124
1096935951
583057741
567542460
435371423
649126113
661355435
577799875
454968941
1045416622
791350553
550617574
617483095
861298290
795169171
734025670
618245194
412851206
1110299545
1071607636
843468998
716453990
603893547
589927659
1085833710
440786366
583858512
561620553
735336225
331661788
876726864
451266106
547816258
532079102
766019288
581651209
785573705
444406982
775399234
744443256
499506487
1079985422
757476767
1068380790
852858699
281074117
679860263
852105989
233445133
736585188
369508727
684837081
242420190
789213253
1107142694
443488687
669007082
1073794939
671780995
675228834
192165380
644361549
559984955
172413530
512341118
307488718
532958849
802700117
492844084
1098617416
1094080010
648128499
1080116427
840658024
1074164236
579734146
732610890
563271247
613436594
859855269
655576771
617910153
837862192
421324189
619084160
792226409
850687885
378953322
266777498
973400422
1102967301
1077864675
509113488
738808163
343823828
866298026
780180577
325651308
813161104
1083283919
1118033100
735268750
696420080
539522349
628865457
293629679
1069509225
741010794
1068659059
528241918
621642992
1110180913
200142937
771299461
628389341
558148999
254923163
183495864
222259917
378854292
162946312
302396266
203010377
262812830
539506611
169542330
524087490
162162153
172782280
546487435
314241648
253589715
172503308
141023038
154737851
166218405
174822755
180387074
192494859
195518232
214569912
230225944
230933938
236988256
243809939
247932313
248972489
252597699
256596599
256805827
269450069
277380805
278221567
278253122
282640526
288502222
300005765
301411269
302668184
306996912
310785559
316550814
318969532
326268557
327542613
329063587
329607163
340791409
344718102
348568657
357729857
361823163
366284143
368123152
374278316
382688128
387205344
390221266
396625173
401573979
403546582
407560003
409067736
410019444
412261918
439560922
443225769
446570885
447171519
447193631
455651449
469257349
471213579
471236582
473817790
475180264
511182695
514761379
518321816
520663933
530888275
531794727
539284158
540114254
540234652
541926080
542991900
547422199
548065518
548486838
552344899
554416985
555250449
555636747
555985500
556144704
556227249
558161643
563964690
569288241
569416683
569864443
571012312
572069555
572528368
578662797
580980116
587947725
594395860
599221934
601722472
602002091
606831288
610501990
17772339
80863383
116578075
149430136
155920175
174921576
193684748
203865623
214695646
229412209
232674892
237978409
242066075
245107790
247522303
253056734
260564016
275966559
276939601
285420444
287356676
287553179
289399405
303472084
305699212
308270212
321741683
322074194
325989326
326328393
330006768
336571475
338905587
344823243
353821374
357680314
365015309
370094788
370751613
385559973
387269960
390632185
392771162
397998249
403145648
403497298
403768133
404978498
407371828
407870469
410392371
411514876
418219860
420748333
430011257
439681361
441561279
443254426
445068940
451246693
452201515
455814815
463560850
464422910
472298265
484087421
484555363
486948091
488368281
491042569
491141470
491953517
493448553
495521892
501988803
504656245
506721059
507357985
521981775
529558527
531146410
533717133
533787185
535009972
542382532
543402897
549222614
552221227
560605330
562415904
572648149
574767728
575449745
576876537
583383330
601003402
360816803
609286379
610241780
621510824
622887229
18934539
118314602
139293001
150333581
151838536
175234910
176077452
182268762
182317645
191768179
197937457
199254158
217268983
217602536
219953105
225289709
237637749
239060085
248550931
251584712
252603078
252873347
253154923
257530985
264056699
267106502
273093393
288731562
300483817
305625333
306623641
307184936
309291160
309534306
318974499
320322970
328167737
330548157
331808187
332001824
347826852
350794485
352051074
353085468
357786213
363625479
409924558
416686598
421794179
428441400
430105163
431408107
434833809
435908420
437422398
437886895
443779713
444885485
448035234
450358680
455468169
455545640
457019730
458222859
459807417
460046138
466452497
468566406
472942765
477746992
478948768
456979808
480264592
481716628
483183298
485374318
493133520
312708863
498131897
499013172
500555930
502024261
514913598
517576395
524029760
319641383
533241559
533377654
536834815
537305092
541276163
543535813
546583206
548259114
561104265
562304819
563406656
567598738
570873479
576184709
577635383
579998299
581645910
582086853
590701768
607869799
613202703
616785416
59706945
95773756
124743215
158970883
216415727
219043778
220905891
313066178
222361724
226244038
227795701
229822398
237675002
244980769
255927746
258113855
266912644
268124926
269264309
272841736
275270911
280580779
297667123
298006951
299739542
299965633
301169813
307992537
322080895
326527418
332134943
332140995
335465379
337841813
339999138
344195057
352743246
355203159
361538797
362423517
369708716
374572938
375217782
382132256
386561061
389059195
389907638
403634199
412197684
412564925
423014798
424745898
429622932
432608378
436605020
439956313
449298881
453080144
454196140
459052481
473615121
473616245
478078682
478146676
480457375
481052014
482976715
488608142
492526553
494304769
500307276
500759576
500883768
506644980
508141952
510087594
513656490
517211918
521932102
524028139
525381783
526817244
527198987
530784373
536534542
539434898
539453602
540179738
542375508
545571232
549480740
550762661
557017703
599700254
567157576
569244126
569450677
572075561
576828216
579308236
586081586
592535061
592872624
599906603
601563194
604937931
44402720
87200143
94289823
144741524
177002300
187496586
215958469
220601126
220671018
234124974
236480241
242824170
260548484
260681347
285464448
291717306
292344531
296508812
301092799
310793629
311064116
311963823
314302615
315654004
320521985
326466715
327698206
328988575
341120317
342604322
349325228
349607269
352413682
359918797
360149312
360646292
362405343
362729780
364576787
365247865
372838000
376210415
384126804
385693266
390057111
397135520
398466122
408210603
409248345
410297342
418304490
422742304
424181630
424216593
429795809
435991008
442984773
443350189
445782723
447272577
452249130
453048574
454828393
457884752
461949217
464816336
468634445
477622434
479354669
480376713
483994243
485488595
487021406
488480581
492126718
498779317
516979758
518794046
519410092
523834136
526210801
526917330
527092052
534711301
541709221
543729792
543810940
548768702
548806763
550583177
551315601
553365524
553776193
555401921
559017742
559375557
562883610
566802115
570626012
575423658
575933500
576160084
373694148
578840627
580251610
582858262
590816710
606441052
533509983
183332231
190425277
191043137
200253163
204371886
211328662
213203081
218767013
220168230
226833086
235577209
338107774
257899119
260877690
266769430
270899663
271269777
271935925
272945815
275532864
278894461
284802728
289431575
302396717
318357255
319534722
321814451
326518248
329977398
330647732
334108239
337537467
342503513
344036465
344600363
360899885
362004640
363057888
366446455
369105348
379315423
383570507
383832542
385709262
387050587
392093754
404843785
409910080
411395114
418127026
425451384
429143742
437322019
437405915
439643408
439817818
440539893
440831769
440872920
442771257
444878114
447344547
449449699
452835936
454347552
456522359
459313919
463922153
288811180
471997111
476351228
492974872
494844934
495217922
498743309
500832300
501736045
502058418
503566633
504093043
504794089
508629868
521645478
525508085
526216186
528676117
531257848
532377240
532682274
539361292
539813709
540064233
544147272
551065748
551707763
553286195
553533871
553624774
554640982
558136497
558258145
560125180
560571591
562964014
567107767
582110363
582201367
586450771
586678350
595252230
596180651
597918633
598950883
601302410
601453763
603273873
605290604
15414277
147230342
181531317
187783283
198187587
200336502
362973346
213897144
217991350
227361291
233780676
235642671
237997332
241084035
241488944
243844371
249889792
253706287
601268952
255374124
258575670
267496195
276264332
276352504
276399296
276625623
276719338
280337322
283904487
292053076
294146228
299206994
301495124
302787922
308477838
311329957
311816439
317132368
318025313
319385214
324308359
326299501
326557060
329398237
334303873
337360334
348269371
351852177
364008595
367735622
207312258
368588885
378355580
379576303
383040056
397577133
402104363
409776132
418480693
420368677
425567745
425691896
431214420
431672750
435373132
450879891
451212242
451484120
453684485
460172882
468066128
469391758
475021844
476437708
477131984
479293597
485488095
485525683
488096375
488785394
492253251
498001329
498185239
499659066
502220530
503521895
504050214
511353296
516112982
516789402
517848608
520678793
527168751
528707286
539026068
540238022
546285927
548098450
548479787
556987155
557461758
557756002
560225053
561945680
562163608
562986850
568933831
568967715
571723118
578883374
581083577
582231017
583061980
590659911
595622794
598704114
601061539
601098534
61222077
80653897
135524814
176488135
211766557
214157347
232659595
236404835
237788640
238228256
245768373
247489619
247622836
248356192
256257098
266106792
269946457
270008238
276828753
277005007
288283249
296203892
303877747
305681754
308110643
311288727
312866713
312910375
316724362
317276293
317893400
323471548
326227360
336348124
338484898
341117411
342002065
351600039
355108508
357857780
357880798
360980278
361971387
366297229
370023158
371594421
580864561
377557309
381599231
385235998
393309152
405942425
412470184
412938624
413149161
413811884
415845473
418629535
419825726
424946279
445532368
446981518
450387985
454413859
455971219
457790485
460992634
465024765
466181868
466724928
466932153
467862100
477070925
223965447
484629301
486658364
488944961
495132144
497203528
504170842
505245371
514463646
515969934
521882069
601718079
530020304
533133259
535971749
542659614
543940217
555280983
558907383
559018016
561496365
562125788
571816307
574132135
577928512
584024142
588553622
588655513
50283957
135465697
136650757
167356391
181784055
188721947
212546431
214805553
216760997
219662472
241966841
243596545
244795877
245864564
251040924
255202035
270407925
272479004
275444046
280062794
280910094
282925613
287754580
291972967
294363768
300720020
308357360
308589136
316787045
327491088
329157313
333026951
334630565
337791595
344151778
345554669
349437491
353852666
365083021
372349708
384690584
390175290
509511941
393055215
401640350
408501732
408572624
412711806
428052111
429662639
442432850
449650338
451965769
456336189
464476023
466481732
475517352
481523040
487123750
489331164
495588319
496294986
499812313
512759251
514472427
518141486
519083738
528636673
528718368
532081896
533121761
535482801
536299802
536536907
537585643
540836165
541579657
542169846
542178901
544052195
544123786
545595627
546127858
548869247
552576180
552890218
553777496
557036646
559854677
511574722
562821277
566565650
567463607
569228130
573435143
573718761
576036505
584860099
587218461
589789144
287043776
10509350
94077458
159699182
160869863
163325970
163752750
174512420
182696767
190127570
246308670
205190416
214530567
214984635
247738660
249348494
249764480
249972763
252103780
252964811
253327278
257520189
259424874
264638344
269048731
269358436
269473357
272474767
279206737
279568977
285992013
286113360
288782236
288825629
298124613
299200024
306439166
307049649
307269874
307423421
314169592
314575777
318908762
319388816
323328205
325080830
325217772
330711185
331376997
337754267
343989233
346171267
349376105
354874033
355827874
356025795
359317921
363076414
369258557
372066433
401396607
404258152
405767313
408495420
410658575
415479779
444085318
444512017
447826831
464734665
481248057
481445722
482078708
482392068
482531244
487987654
495049104
498345899
499249537
502617901
517678181
521491471
521629177
525113181
525256771
530176886
532156103
537033938
542731053
544324922
544792655
541254691
545577168
553715093
569464289
572713877
573212638
573223976
573289508
573812379
575797455
576920225
580516579
145685136
150345378
150912048
153718334
155526006
161462281
161583561
162674809
187631039
187750899
190332351
190341897
192515249
194027583
194526543
194697096
194794421
217487158
217759025
217774231
218613098
255171154
255403056
255502351
255585517
255741283
256773716
257062308
272344794
272619923
272772416
286331572
286625567
287541017
302048526
302251979
302473392
302579465
302670961
302777647
302812036
303779416
304134451
304490745
304653039
305143265
305325306
305673858
305730037
319888841
321200027
321818692
321973747
322462480
322711326
323005141
323019618
323400554
324286381
324690681
341145341
342316808
344272733
344678478
345125179
361183273
361575966
362256824
363071780
363074386
414243818
415183730
415262664
415441451
415624611
416167713
446357616
446357812
446366049
446643215
447378924
447781943
448077139
448087575
448165672
448374729
448513426
448930023
449073426
449197761
449701833
450189420
501844276
501862993
502403245
502613411
503064955
505552113
505650766
137695376
138622804
139162852
140299731
140350300
140589826
141760142
182179819
183103433
183822360
184849188
184858704
185791687
187095787
187123149
215161479
215261050
217373058
251080044
251206185
253533391
270316752
270725391
271298248
271784136
271816638
272084719
272149736
272328099
284730088
285032987
285142302
300508424
300966029
300996107
301308480
319633291
338286671
338570493
339216297
339276195
339950303
341039087
341068966
359040032
359650934
359694100
360511589
411901268
412075071
412424895
413517484
302924690
413601488
413828993
414226445
444283354
444902713
445380806
445386383
445521353
445529633
445583285
445761166
445786728
446261609
446327111
487420662
487511507
487537242
487624633
487728983
487986055
488037033
488113951
488744410
489203467
489287551
498897031
499554674
499752572
500105989
500135939
500202756
500542232
501024468
501052253
501279531
526236114
526247068
526592107
527638810
535969243
536013450
536042053
536239292
536297496
536435523
537063319
537398942
537481709
548645765
548690221
549284973
549820954
550367286
550451259
550567914
550953509
551329208
551469626
551816230
568582792
568635882
590853773
123631766
132052584
132423467
132560984
134816067
178867571
179106674
180408308
180575003
180749729
181403550
181595232
181656188
181864182
212755660
103812618
213087454
213289688
213404212
249492465
249969540
250124751
250237759
250466364
269058090
269066248
269854648
270010918
270136540
282067632
282101779
282384059
282417056
282484378
282613654
283037920
283071512
283680677
283697917
297389147
299354304
300057518
316840823
317107735
317194031
317217450
318097148
318327588
318347679
318537959
335858440
336040540
337854368
338195652
357796919
358783248
372811616
373115353
373287520
408369430
408943343
410263884
410561718
410635087
410880972
442690178
442767825
442850752
443499534
486230631
487049171
487063231
496780852
497206182
497326581
497377906
497742484
498235080
498765940
498877916
523743016
524045167
524377778
524456960
524612471
524826562
525014278
525088818
525728290
535030433
535311765
535524746
535546717
535892496
547131580
547224653
547307661
547368464
548053709
548090610
548225156
548232364
564531205
565891786
566215320
566443862
248592939
567156212
567705850
583403634
583971340
584065697
584435721
584908204
585129860
586406861
113145285
118358380
119993423
121570739
176155374
177420743
177637483
177702842
177945469
178064834
210140943
210326664
210604292
211046577
211180479
211488538
221879604
248481155
249048857
249315651
266131773
266863627
267523371
267777823
268029677
268183598
268714553
280507368
280589964
281154527
281181415
281776448
296348159
296357094
296642787
296771284
297245303
315591819
315843601
316261099
331825270
365284988
332155891
333236951
333369857
333954601
334593624
335564884
353891828
355090965
355664451
355672990
356207208
371518946
372238839
372330467
406442936
406730956
407356611
407468014
407870795
441208312
441497195
441769553
441984459
467899974
484243586
484364553
484706852
484749017
485202850
494791218
496257324
496297462
496614022
521940044
521986931
522030498
522067275
522195052
522223956
522436125
523157553
523305217
523410787
523511038
523537750
533449747
533484900
533510662
534386549
534608027
534973039
545036843
545437069
545480428
546236377
546435257
546507290
561347949
561678756
561694981
562718125
563511477
577300768
578381148
578926065
579226161
579260065
579393320
580511291
108565493
110932014
173976573
174234645
175075696
206578707
207174474
207637519
208106475
209043531
220640483
220710915
221134799
221224119
221750178
245395051
245680619
245941804
246013881
246961450
262180246
263880714
278993200
279062238
280219704
295496950
295733158
312295456
313395464
313779019
313788896
313828842
330076506
330259802
330801344
351694775
351916415
353698063
369433552
370235729
370640013
370668500
370720430
370981743
371424236
404305302
404630748
405083021
405161444
405265861
406354236
439359197
439412838
439450094
439645837
440279375
466321457
467384268
467470949
467761802
482270312
482541923
482559881
483636104
483863323
484081593
493152571
493159291
494016792
494608872
520804891
520856389
520879366
521083891
521263130
521436232
532656808
532806216
532811936
567691397
494669579
533082660
543983183
544114474
544403400
403882279
544454965
544700600
544926839
559759105
560284668
560443601
560850509
560964632
561022763
574135808
575805459
575903353
576357355
405559650
70701599
88265713
105021056
106694358
171263182
171548649
171970678
202509778
202961351
203342473
203883396
205762457
219650949
219927784
219995722
220073187
277312015
220088415
243237644
244051494
244454141
259548203
260742525
260903119
261005691
261163542
261408691
277042025
277202747
277247664
277692059
278643528
278898701
293215035
293384497
293460058
310836132
311259485
311349919
311387485
312128122
312172763
328430224
328495299
328997360
348247212
348410859
349167111
349941810
350142864
368160528
368716121
368748212
368949853
401726653
401828783
402034297
402119817
402828486
403017869
403270383
438215774
438700158
438789348
438812274
439089069
439138968
453001909
453186797
465735709
465964789
480754452
481254931
481816842
481833500
491120255
491663302
492575789
519005888
519172960
519495594
519571666
519613186
520175892
520424546
520483458
520778098
530134474
530228009
530957851
531269906
531280743
531981112
542338776
542442480
543291693
543932831
555684155
556902265
557241310
31600137
31711205
38031583
49039379
61980295
168700414
169436368
199186455
200391888
200715810
200746807
200759675
219484835
241598985
242226466
242292723
242727834
258213050
258287117
258377792
481337597
259259313
274697364
274904188
275254459
275687212
276843504
435942994
289526973
290080946
290613866
291411356
309151939
309289733
309471239
310119510
310120891
310197674
326177578
327490608
345736920
346279640
347338916
347653340
364278499
364542760
365120600
445348639
367201030
367908251
380739508
399799616
399836714
400261747
400740137
401166747
401198886
401280725
436392991
436926859
437404228
437662124
437667135
451739570
452476517
255544209
452676483
465116266
465246851
465309114
465556386
478213117
478437261
478749380
480123471
480589463
489933158
490060697
490131907
490358160
490456529
506298037
506845541
507190870
507541439
517829338
518052587
518101994
518240028
518660926
528764930
529452965
551246615
540948630
541292868
541414617
552867044
553290673
553350195
553453908
553964345
570232758
570750033
201075176
2502989
5404244
166346775
197132676
197849833
219053368
229273306
233391716
233627826
235912858
238096699
238682088
238871275
239956444
241157237
258170364
273196219
273579665
273659932
273847539
274070936
274195057
287973082
288125013
308552565
552863983
308596024
325359459
325747104
363660373
363980264
374089946
374325563
375287195
533477553
376077721
377498076
378111025
379509092
380432165
385253288
387583926
387822578
392794972
394351780
395071895
397747723
399312552
417519021
418153325
422988563
426375347
426907444
427702580
428453524
429923842
432458991
434183606
434468624
435062490
450402461
450608672
451065735
455021613
456368708
279374386
217480015
464807804
464873652
468863155
471848101
475418220
475980461
477493161
477701602
489576233
489682182
489777604
505716138
509812018
511268812
515049173
515122890
516495015
516557912
517131616
517467311
540582675
540769713
540813150
552107813
552113290
569383046
569721196
224597957
224932736
225997822
226135086
228713048
229481434
232058739
232172321
232320193
232484201
234245749
234599537
235845948
236784922
336910634
237175234
238533437
239909846
258708845
374496799
377197505
377934585
378149292
378185824
378465577
378488265
378560549
383865406
384675789
384822554
385076569
386087253
387815193
389678087
390341843
390774449
392008127
393442652
393577481
395998964
417865735
417969037
421250194
422140891
518209627
424432393
424692730
426025658
426959692
427916160
429691723
431957995
433786523
456049883
456694987
457008867
457177709
457578430
457981838
458375784
458941528
219853480
463610428
463629295
468517354
470173051
471624707
471933030
472615644
473154956
474069146
474368325
475277615
508112219
508438926
508475347
509404929
509480720
509754666
509876240
509980318
511629945
512021623
514210835
514309960
516781817
516844194
538088774
539038684
539489027
539869236
224157000
227078103
228714751
229682350
229838176
229857072
230268584
230316776
230352619
230360640
231613701
232479931
236997416
238223671
240461792
373548989
374355397
376133429
377897019
378767056
379292539
381530116
382986937
383765753
384685952
384913284
389265146
389560450
390696345
391680717
392338482
394824704
395056343
397029372
417330718
418720234
419112864
419224026
419366082
419386064
419471710
420307540
420760093
420813526
422100043
422323034
423381271
424368960
424668276
424938320
425447149
425675993
429451859
429573074
430762657
430928766
431072029
431170072
432103432
432440761
433087650
434391872
453819739
454000242
454078451
454104594
454657290
454926433
456009939
457824996
458440998
459697150
459823521
460354441
460637053
461749411
462026321
463881276
469461455
470517843
471236934
472232311
472394881
473946630
474717529
474902831
474990591
475881308
476293337
476863251
476981072
507647447
508239186
509350291
509595045
510621758
510622874
511733603
512882521
513075348
513089048
513659611
513683359
514039300
181939462
515362035
515644489
517289075
540180318
511505919
223733904
228603962
231013759
231896837
232276130
232500515
233866228
234510588
235630695
237174286
377683752
378492225
382635014
383720867
386398554
386413392
387598581
388180041
388938450
389698610
390215730
392594404
393149238
393879935
394699165
394707492
396234963
417155436
417885205
418414359
418703274
419661919
420730426
424772183
426074769
426445341
428713048
432534858
433497093
434418716
454013529
454215553
454463035
454476277
455497741
455722180
458228159
458384292
459216964
460345566
462351453
463180561
463355914
470290119
470502536
471289043
472027149
472607970
473054895
473918102
477031071
477309834
477456062
508127999
510365806
511281079
511458006
512028373
512551991
512771867
514583509
514963563
516071184
516449469
516900477
434026999
471290832
391613760
425861174
454762337
439917222
530932854
621644344
539688535
326837579
559313893
347051518
606035098
252387323
183350667
259815213
38341787
23321609
371948374
184483667
266717825
209830331
324871846
467985497
265372210
239389046
394971195
289353282
471937933
517254682
309063416
474507632
217404945
197691856
472147174
122015653
547864776
182074361
99423756
289323174
139836646
310670847
354689739
445449212
533070119
194248513
631635545
230953423
559244952
476248870
358971691
243305509
342801652
533034129
360505776
119994355
411485067
355178853
434473654
493228982
339638341
411364042
427118124
301441284
182038342
271693307
375619014
576425474
320326728
340732093
516652394
564608357
484256370
321073559
339456071
362510029
580809487
562463398
484009769
276505624
582405547
112997319
480469745
434407348
442944034
507896842
296750400
409362805
551362625
313124721
8693334
168899666
561575111
532505860
490335015
554562670
359632944
301023796
376781514
541220001
415126907
583054540
242415508
260902506
637768570
414240256
308127987
578589045
250263839
568184817
385816859
577731984
244805979
272705681
538882997
310088440
284905209
600224698
542425001
514712398
176006786
582542474
548473191
469721854
377944390
570177947
577001177
518565187
589932728
442761213
520181728
591420244
181145336
394886666
466692312
339420257
594586611
623940028
267570774
172691393
323566415
525333803
614571764
336067665
488971168
457656951
474095185
539422358
388341296
428306349
495109553
273168729
537782390
622620390
411456440
626446410
224728086
588420161
252795359
237525859
300362264
545878110
318969615
151663453
345272243
542373930
610622930
637342076
168215658
579586868
610877446
417794586
324359872
337176581
448236497
266581516
549832319
186524116
571138595
472677373
477378316
275698147
337477880
498892734
505453204
351683846
616020216
338393468
469872863
194842898
464948076
405630415
277731926
468366590
387789248
471320835
561723186
472970906
236782893
407842987
527683031
458900405
545782464
191158113
481034487
295323187
454337633
275246967
271678113
220716399
540903750
52015071
650883368
642077944
551083994
485376089
552619340
277647469
273217066
547582449
434435760
301719077
540545968
607679134
327434423
237126552
545270629
251928285
195585729
556168452
338198902
607654113
449609632
169496057
642861657
264578171
630753840
624117035
407713542
210260155
473309235
305945771
491870808
595871581
512441948
421559685
310653311
508109356
524719504
313680071
341271195
449779251
212984242
380469917
505400634
547128389
489257308
584176252
577986646
503113765
298564265
424812873
326140558
222121563
437318461
565916597
500373647
508188177
382625128
366221031
552080981
383349627
573294074
634545639
512821435
311507301
267676163
492637821
561803608
241235215
262204832
282839389
182293043
486922065
447554129
268529297
236531633
320847881
161674398
147840790
546726143
569082872
472095468
583042691
312363038
401775007
493485938
489539977
331576228
534512042
454777489
361315488
462975307
629064316
248118161
489915810
571557301
251487117
545070214
588722612
552557311
646244757
283181479
541977999
122490129
421298243
271130658
281685981
484564828
518509366
145236765
614595598
577829280
220076959
341384862
594185172
425052735
149028317
211590974
449083708
366993501
295012507
576711809
358165196
225398575
327211168
145471129
584776919
319630194
492852770
388621618
490733209
201718577
323413948
351900012
388505798
520880134
310897957
568629954
405066916
477631389
346759587
358438781
504483488
388701271
39586655
204354313
495792417
408020016
582958344
343966356
507672675
546667660
515072127
544248897
389732861
534288811
353903575
578531058
595364280
522582040
198217394
586998276
320779672
297945366
523961796
381949125
260624359
535931569
572828888
544638116
628144582
271731749
534751813
463289523
387273193
358845362
337580192
482475901
385736018
259137864
378056816
658009459
299215974
304453758
250367467
400338756
268195876
430383888
224712074
514195379
358203696
486222962
230097753
254558263
273377964
316912763
331019040
539073540
567199011
542662178
494122867
606767761
293567910
525172960
522489274
442142317
669197380
343009218
364489208
490111329
642864139
473243462
294634565
582825891
601986778
87631386
384372170
543734294
406649624
465267405
528865211
372186334
571413762
540683773
577935888
576302005
376523544
366365099
549014675
584819215
286111817
638501902
584026181
612603230
543926543
333542620
398237300
545411989
502539998
459939410
161862431
519737238
324196980
193493195
604552187
545740133
563754509
350530203
292092722
509028602
677121414
670463581
276083748
578574527
524734991
319428670
695661497
207114812
195883247
526406047
168043268
213768100
192582235
302163952
570570715
380151500
469944893
512710645
230425237
525755760
245475842
594107831
529369228
279746874
381859966
671444912
648449987
487391910
343695113
200871776
558416366
460625357
425162767
572794241
537773833
562573078
256375634
390357813
366814456
306196047
549004308
329403103
466857688
465331906
573645749
112472010
372593475
260402200
157412096
557826376
648016225
322575144
644851056
249892837
335759640
518918060
474242850
544197185
253823433
406876653
663144261
396465937
306900382
424365666
261473264
492393190
440629023
577057663
660315602
631887397
269700115
333277278
637119183
223091770
622380883
524322115
534134335
667346462
268672246
295469694
522513636
429769966
404605333
417430399
605839604
656531708
306221707
472054944
133384127
562671717
697038242
344718926
492258875
515198063
271371722
282339218
454220503
603701015
467111591
644205646
261505330
423111770
513125613
141066978
499695592
372368457
483175221
559866971
603775407
518934941
598386428
663000849
412325075
374363183
387144006
35536713
454445671
668707464
342056066
526583777
621512222
598413664
533730614
227969581
545603052
344890217
380346275
579562039
531761320
545596197
506003002
532116438
602377262
340244928
489871694
553838384
581753187
657183014
428829803
559550777
393282507
682641786
659395521
251521602
591476825
442094610
538399288
396506655
470180169
255970342
597009936
607665032
591563227
411970143
212488697
562346325
366994414
211970450
460875677
508210210
384338713
530898602
199835635
584135686
532032700
364945476
105118733
228966763
549940687
338657286
243269857
629868956
669928723
623757933
548030211
610705723
460637753
518083492
468761033
505790538
474698405
282524191
278695505
532842910
576609193
424529443
589341161
504063276
405082281
547527678
639663049
533981354
357890714
275862620
503504573
295465388
523113117
435783179
564162019
642571586
534497120
660381475
266444800
651231314
425744686
62343664
534234788
298616822
154885181
629902153
552025949
300548644
516276988
463108874
286263126
374954710
349953714
485201586
646701750
517746500
265889874
365237647
588161732
397988034
517113331
328671958
482656455
484917308
432949488
438509664
628710656
473504860
402438906
435991514
401894754
334594765
553259214
258538898
528583314
292364732
552641229
652638743
353129859
544536247
519483064
399525434
531569595
557918173
160140793
279615499
524428883
286611347
479830740
445894952
477683464
706727788
618401607
359965503
309689791
325219567
492506058
437724389
488825723
700434350
499016760
571164482
240757627
451946829
537669833
419130942
567505742
663010565
573506271
465082570
337050776
486566286
240630317
331241146
384632914
515191121
325743534
474645199
283222146
402416393
371472998
642373059
225368993
223281890
663602441
443161719
551585815
294318859
534361676
604706654
434262657
415195814
256365751
503665064
543062058
572922363
155354316
337864343
573264968
448198135
590516367
572084614
523153633
289776212
208172037
258959828
337610764
496619275
537146287
528981858
206243671
492985970
369413805
326368941
283876906
602082158
486450787
437685175
305380308
577681226
492419480
642928855
383292875
560689226
455305992
671558605
223091314
634586537
507338967
323834323
196253037
518336865
556492532
325088203
539547732
351123141
476362472
576471564
709773124
616017179
283651945
638275784
558217961
539595786
384164934
498051783
512828000
660553372
393296867
164624144
659587099
492245933
345746330
375572987
433105656
215942618
566359510
276486682
449701720
342216403
148398886
595050143
565385974
510883702
286107569
493146204
368576932
413221854
545795131
237229006
387066125
521745168
646935462
489344580
329130639
408528931
393214473
462887179
598724641
367988532
536115814
305954453
435334758
471075152
676724150
597260700
277393736
489785670
706547286
501640367
594992882
312591219
606229623
172521397
428565085
388236876
426658059
409801952
218801199
362000883
536224866
419016787
605732095
320422220
497950943
496479709
592549733
649272178
652858556
516255304
137687898
310781759
612270060
613897202
467499761
138960669
518131193
5602772
520776259
480950990
442323832
639294716
152492064
507099631
256033902
498547783
349512199
531819345
715915530
617453001
568290953
368276342
590301158
256530266
703318125
355881673
498206865
653821265
362937829
323709389
719171495
437357032
222332584
234729352
540649744
578416186
361279269
594326888
310992587
628408119
546823953
571606493
248827886
570087107
404379628
687415204
611928963
533242094
270897533
409283266
483632083
532103507
685579767
681661989
430923579
528996156
539827025
561259347
419397932
538253846
693061899
343664871
543996387
599099187
290542135
549067871
586786273
427759130
527562869
501012194
599679015
582467355
525744670
299101758
589742448
492912620
707831859
563223734
464935061
615240490
545760201
613307267
223186462
704397113
325035971
252775711
152379370
563552329
180721699
477222758
634713675
732114668
226466103
554410981
625163001
416256846
451359900
541720479
467789460
574023661
194651904
456872323
122721216
509110023
122715412
361475070
295459539
209940902
591797014
538540913
192503537
240291998
561428384
305370635
689191989
259787801
674735797
215320773
532838788
537096543
384851521
596596124
574054041
621038297
216890280
605907060
347964363
240409836
558175807
281061391
364233226
581885231
299636287
505265538
546630509
431778241
596092971
444812973
705620214
314630623
261712986
206779228
158794260
679881394
585475034
542127535
291104534
484975962
508704011
673597497
336054864
707597244
277740183
577898344
577035024
538441845
715319358
221578086
587020642
273834810
560957065
623218744
529485476
438344127
308947599
548380760
521199591
423110521
572431250
490802559
327170883
525564808
447118662
566787470
539882605
188432184
274584464
499210765
591886703
626597621
209378067
284356332
198212876
550724744
664039071
397739029
450115132
601102186
580087429
688675016
625402520
231950194
257174162
422880914
424196476
673256214
609105363
587273389
389088415
667139849
654411955
614658755
668530995
675243391
578795839
594787116
703588176
479976671
474380993
354063603
733102874
560695183
614938820
566876758
488941492
321496182
597640965
381225126
263480248
287820018
521586915
480304680
572327831
398211028
420273478
314637332
322546447
562878610
528737819
352903072
535054014
496253309
319786355
601026359
646485579
599676597
509746515
437973402
407112180
489261624
601935921
507070728
484627842
339433590
517946288
457668285
226454680
377622332
425647492
476911736
474455649
620308703
341305362
597991990
463940907
393656805
544130769
473844248
157298393
472825974
447938974
582788191
479310244
435175001
598560658
579207560
595376123
265229705
421966123
534198955
384379347
428155850
388147795
453299651
486539947
161821952
293739923
703134897
585267447
463906179
83559940
526700605
187974235
306309680
604677216
672869512
446863938
543067011
556943920
254933609
714859622
310633376
483188685
450275314
299002156
408253159
500060281
309334007
443686568
200124347
536120417
650792664
345239798
458331599
505799841
514636585
1112478551
1108314975
592052813
1111462923
528853854
769667269
361162496
703336965
652904364
599188309
537211238
491761397
660469434
723130148
696401062
517807913
642777710
702238670
468039875
567941038
390933594
458206843
465061296
623035277
355270823
651846302
520685605
617843590
506579381
553722491
665134221
283861377
421004027
720293724
537728190
265871743
493222931
405665444
576081809
542313718
559697633
505641481
248238153
212167144
456416983
347759852
581543739
529517838
556852977
708251110
560507434
567272161
624431886
708694732
302054436
266388341
610231171
530329082
614450545
607015845
210208140
232260686
409858184
615768628
680945853
561146595
230491547
620475688
744145525
617010797
535825287
454880542
621960066
407455158
241391694
598429824
233950626
515349497
317658068
508679712
652502277
501903396
498809860
582742563
646803683
207666383
532220447
247279288
563145040
678323257
252260859
349432958
585105628
387241780
503607970
477810235
341087285
317465033
561523681
738918604
369902448
404516221
674509945
536314753
704956443
445355111
561212046
583544894
377207767
523866137
525702485
637492364
610439051
515221662
281525085
204005537
623479790
135502668
712854991
339101554
427815806
591575157
361970173
549175813
352439679
309397244
296175851
310300768
337920484
388005742
699175082
140120189
348138829
596011060
565723922
730010680
632552008
581264920
373796053
427261268
212804901
674063516
547267336
606854184
304096200
552671700
510635885
136498866
420683092
307426835
581474833
625473074
559576209
650007040
613411066
272435258
304642858
228985673
597867055
621756474
408051943
649220293
669397811
393098537
416929427
565899816
379480316
659059633
575092421
552389096
177175932
511676412
608408372
518866336
568642654
386513806
560975109
430351038
656940863
465957568
461986176
663726547
604052342
487396926
503152140
539058452
515126622
428954129
466772199
581654699
230591756
493819242
280803218
257282636
452128997
342330382
671781092
606320658
665366725
488905960
561097093
389442156
298725872
255743270
489217525
483919169
326001170
537464136
651652261
256785396
537842801
390750452
572736251
196287015
652154913
494352044
530688159
535967118
378118973
646664611
558983322
429532607
316120703
232439130
391901011
557314930
650581783
460384518
627665918
324039738
489392023
121637645
339871883
622634272
548604719
218549830
189693294
714494038
176438873
576614163
447565583
270386759
453360342
459363714
268218772
486718364
591549070
568539789
537712082
452602671
253286650
386940214
505080545
427547156
276823751
548080578
363209783
662628695
514766842
274679052
345145757
387286500
563520301
519891547
660805227
354241189
252648390
245128728
617581695
383834346
546228148
391397076
286282857
672507089
414666757
420343994
252407790
419116518
735517993
531276036
531340087
348615989
443143537
442729480
626418259
480860719
423494050
591076895
199674758
429999740
514951385
426194929
343085997
437728967
376854343
589024374
684363953
674516464
780556427
602858303
324867093
1068889175
1115223415
1081263942
700757557
140245162
1043519039
118898070
1080752862
574497469
617393878
1088144929
121562325
543337241
862435799
1071082474
1101021760
1043390363
490735889
577348452
381607379
1030356978
842783847
570033545
537615293
893473452
561573393
1088518158
384840182
2737456
559023997
492197843
285365535
427992836
719565446
600139961
1087175362
565767106
818988824
434906925
639730829
753638867
388610496
591038804
88489107
826242955
620338888
570245907
564476174
183277946
782770292
329452961
703875334
307476384
210213689
