1091909124
498447982
749269471
482245996
476667867
1091953423
586251400
890850020
449552380
1089109306
794968369
308774751
424478230
721321471
397947055
534168974
1101168279
561550409
446886836
676425884
529948590
592915729
589962143
133991609
201003337
436176748
1086916906
401325998
455373795
1099378081
81090614
564734717
625078835
749666575
165576998
1032374
1081892993
237906416
1083785061
697829759
536406199
502466250
393300867
584530397
360037558
1078565147
517126604
500777197
13509274
1097836578
634354071
1096130711
334689377
358122479
536148829
169313915
537063252
622238796
595917294
303106332
478047860
1032040725
203171002
484164044
467491750
779669321
615218378
371628022
718758583
568768472
534255938
193583726
1061134513
508457353
692896360
882540841
306318529
864507866
836106695
606253789
783442935
826820821
648966343
722878233
1043390363
1109407496
643715665
1082106437
602858303
706105154
1092382306
1055806450
323499245
1065910105
446169377
630445724
248509447
1084400144
1091274097
513928499
548241015
421720276
346910449
1118520691
315597993
692690458
680190873
706005503
722383596
437824988
540675199
450925578
417368532
437495225
581577088
577440689
470622821
520450942
575981373
795237750
16917811
752482799
543337241
889677537
408188109
878970545
641309351
8101876
1023415779
783332757
829196639
656027413
1106064877
353809698
562162508
170367964
124018686
755396032
659550782
587938805
521123492
887915092
862435799
819069449
784871894
586652762
785577050
831338867
350346184
350036766
1078628462
226121349
773927150
948953968
688945208
315421765
694083699
1043519039
1048401412
1053042819
750066124
1023469033
592052813
311296527
629122530
14211644
879343265
1065397127
1072972999
1101255961
490735889
1074436034
1087172502
849763739
510082673
778464718
637346288
1089048861
896207375
812560752
1093545052
828728241
520814329
468405693
689901167
574375171
425724663
615814345
740525793
743228830
590730992
643702268
1117589844
350729297
470078715
700757557
841254013
403172473
1081514245
893473452
643725024
888559663
445194212
631226630
1047565323
857017564
1115223415
813190476
1081263942
549592412
706385452
704503818
536924922
1105333907
535624537
523524542
826103961
324867093
1117461670
1091776437
1068927757
259067714
423877957
564222208
817818989
741128395
747706933
1030039261
775819925
1109829804
864674436
577657642
544529763
137067375
227021935
285629764
773657337
259185906
246670086
601804026
568388954
1027907943
663672755
476726604
455517881
1080752862
807756849
699858830
780556427
669995095
1088144929
226841698
427992836
673059197
515653847
632282724
430429784
347426431
1071082474
1101021760
715467010
1084543248
663661164
546905680
509084138
570033545
1112478551
759235947
1068535232
415060764
548355520
1108314975
565548718
788324356
607776535
617393878
1068889175
136997981
740807996
576335423
593042654
645042161
579146687
1104747468
490704649
197045748
571118465
306605817
292424178
864929465
1043991434
394651207
385189402
226738356
1092462472
689052856
576315619
204488371
733284586
729489816
506022605
562983989
1068043381
853621773
1111462923
731827960
387499594
24509007
871044774
864118367
484586262
1057930204
1055960533
511659316
1088518158
1086509380
529894129
643189270
557809014
211769629
647981036
600011365
436697516
533320054
751547976
401366807
608884451
783106779
174152068
520054767
182280468
174172977
280236904
342730863
248487118
523429351
353620742
414125507
251604733
446279867
333035213
474415065
242486923
492898744
146968805
336147130
328671116
497267104
248234808
496862956
187663127
513257526
351492991
513495316
153070687
222640668
194860048
231815134
182382193
198828465
340228725
385695208
303653769
327584110
437705608
406764044
374580276
22179261
520609064
316939696
345477601
177564368
294422890
231767395
303779416
422495189
343670453
358353094
246698483
425227506
345734998
491836585
283643411
442305727
499467104
420757884
405523567
402515819
478222681
352404787
192723141
341966492
421490893
389998140
263198552
358025507
350535373
298097228
382747220
499935817
349900652
197803251
278037911
488345969
407804142
192679880
475859600
204475328
485632945
282629806
439647122
136114893
251107184
508111303
318382916
217313661
498130247
327183121
259817119
213180640
204088673
314152404
298202746
164039345
243058846
438665856
514259237
478760046
339358042
466964141
233883081
256379805
476726282
362092696
218371975
271675451
418790941
370336363
198752426
376839350
309609857
386099822
345690142
223372033
172119587
249165373
70958381
464225678
226109097
302633921
435113191
421434809
177067216
380123824
247095985
421595049
339286586
350635303
339679869
466051143
420713012
385122486
240979967
226734988
247349969
474301385
453767942
400773129
339630757
464751706
404246005
292344038
253203682
289256742
505438879
236642810
268738278
301402882
500430553
492623128
214672445
479993020
255750561
294587951
246932782
392150402
208684707
232345128
254871914
493686579
510076654
404449147
432036388
230047503
461963829
501812525
315112224
391441444
352227778
312099469
457368419
508374325
457817524
435942994
377105994
152267052
191177509
378794387
211114872
479261941
365804591
252639591
300484667
170661431
468102468
341233468
275667197
268868643
440279375
513700040
170625177
333228055
417881106
468865224
349030331
200430090
306771366
453707187
449790691
190889568
336619191
351474712
380467682
241602973
347020631
327421967
221602149
419124399
297952450
370981389
255122824
194027583
496525718
256700561
344451276
453611776
471375048
485146302
353951882
442707145
173078908
350694172
323253608
396243914
493949576
464127311
496541900
496654631
382791750
508588578
294618404
265831083
150842651
175164050
271813133
352784382
324973365
493990712
88870136
417284505
366699621
400135752
361044253
470162414
398860322
240954211
386329876
511965440
245993842
457251519
347045945
395553540
466304415
236428165
215054563
191695307
231117120
499457144
248311523
505450170
496643684
449680138
314538717
412914789
278960997
356520911
482857846
307189858
448457778
424481694
355160958
461558776
360151660
137228178
326059477
496265491
515985289
444694229
311833171
450969112
357929898
252607183
54676779
509273943
344903820
226722834
478462937
471546079
481410985
278349618
218534252
297607600
335594299
281409589
465236098
508051503
229527839
170844584
201594864
493086697
419276803
284736198
234071984
326474838
511921900
337488820
470905131
448287848
296054055
520092148
382527733
197198080
461327065
242828920
491826441
301547512
342072329
228890987
452476517
180052047
268919927
259960079
188638177
254170480
240330929
419917912
485732590
347414993
493595772
477235174
291702004
200336108
203747815
411623279
233039951
477665522
502550571
426671459
203714307
424225267
510958148
516132464
351144429
519682360
268331764
510435208
429331136
213139990
356128460
347714183
207343719
381038144
493889303
378891384
430906252
215589610
331768521
452890141
327250437
364815336
253088323
143792229
388384555
384086818
468365736
480271104
338226754
167979390
515697767
378352977
431894532
462218306
360930241
201454869
374687603
331967192
345986852
303861144
490060697
513105875
409831874
520764515
430654067
299435005
409194550
185007413
268945254
527821817
321200027
433706918
226015026
352795952
115485049
395455941
273728088
380655771
325333598
265056022
526592107
468346773
342612519
417856195
379397356
453743037
271344449
493952554
279510579
250237759
267516961
321240289
208259110
228021360
223443603
189604619
394158411
521038574
207585394
274061088
424538115
523157553
531183807
184217111
515503574
277324805
405636250
502064175
457677998
451111616
440678740
476900439
467230656
347677313
381930275
293378165
295569373
437132783
96376849
316464515
227361902
271368693
174480890
480036900
306536837
457622033
265406134
425693246
213289688
521713084
276806063
273793235
159949451
486812346
521298151
212476325
477615261
481516759
480320836
220754228
521319931
345999980
245846626
523709234
412504360
382553824
410623330
397840802
279485283
238201665
402624170
419840726
506564299
233279089
522302271
444048004
187832972
364529004
210879544
526247068
169057170
241553291
349167111
399610874
432813088
497190500
352113080
414062770
509827335
240928210
386374935
310820122
491629314
484983719
361858374
157212257
255134599
269988055
206060352
142214635
536788012
338130633
124751587
346680079
257177723
464146599
524267928
267969169
379938241
147885318
331730058
299154612
478074843
80302734
176266640
305730037
413336096
507693655
306638924
324215533
362895169
508369972
282344532
397062627
442265511
398468824
189241258
375915195
242453928
492952234
307440857
331531792
439356800
370285912
509697228
449701833
427979493
331376997
174884850
524286928
104416339
437018405
286673192
474598923
511106327
517413803
241781136
305446703
309030748
356110170
276332075
342928386
201370117
459372568
263222020
223360354
510056489
159840243
517395668
414148012
515458585
340556779
536304428
228362896
148665881
296697401
394601055
293635824
172503308
317754850
166614972
229343534
181825749
303251266
265787314
544546760
411274282
288769032
355965735
475957266
498536010
214044428
249891729
433439047
282665298
378519447
210124600
483482924
546269091
455778006
359483756
268530950
373548989
344819702
406601436
214131719
515194267
323030911
218079672
510513735
547099978
406030181
447343613
520683878
249048857
316700736
341386793
484089436
378300659
267809653
510483411
259309163
545278442
236503526
358532216
289483591
366745185
423023377
257003757
389777758
131931964
543270564
530213099
154106649
469477968
549980932
550056780
522991090
505653537
545756102
308454129
288931067
266117192
545502387
439916002
342756617
75404156
531572547
361375632
380630326
496432007
552217342
498791361
253459493
484411753
553175952
528936495
273750283
203261327
553650791
169073137
157818606
223174427
470232541
386972736
531545155
182316945
320938667
80780237
550203536
513793736
394993237
324387412
524422534
312000275
553290673
539978436
418931679
164509544
213268524
254345814
554306893
497189427
546448285
360569157
352973609
360680497
538811927
275798900
540286710
467335285
433381056
161854547
525292886
224671142
272396998
457839818
446860307
552352668
402048303
294727742
465921956
379081744
556308378
413169056
531112807
529812945
366277415
518400084
358849914
545816562
215809265
544333596
537873063
372862717
260905818
423430586
434760810
159559508
535892496
455467949
484947963
513455585
300603848
542806694
328898771
546220825
515759938
487489998
404160423
306871836
487722381
503705633
461296218
134757772
534786583
324169688
424379509
476905870
383187333
483710729
530753362
356944075
443119661
384689456
464055016
206587411
339456071
160357171
376194572
230565432
546699927
533019504
507457103
560695733
187274168
503923420
282633532
244746052
384144602
457703981
216834592
367159206
498069555
431937188
323194357
228606803
556110864
391875239
132144433
549148864
349228559
358477231
556980594
221832331
242226757
347372344
499392888
489337553
536453614
304403480
341128453
295979191
566430026
541526840
225670479
238889957
173543682
483928689
348898354
231228692
568848114
466126282
28597371
472312579
565499840
564230059
232177266
567992590
568365029
351514337
205546592
446031404
352629994
470393351
285149594
552796310
360648217
298280658
315326444
513659611
478902810
215767858
520386773
177954892
523362600
321901725
505296737
544324922
477942909
531874445
522436039
539064691
419353172
139421002
535880758
167398464
557263570
541443516
475050489
463874822
487016324
395061113
531545843
501129496
529506867
559877088
515828278
202950717
569023836
463453615
184278583
488802064
539796062
314876915
378134078
394756029
320026278
434978684
462462644
336545886
533128694
52232023
543575439
323336376
428250261
506747981
573210389
509445510
502550109
557726130
566878888
412299561
559379059
548169663
568383487
444269421
552199236
548620845
546563779
554428361
524517807
503409544
463072077
370433423
196522668
429374691
465609355
557745244
502832299
473347187
483349241
575178810
421505118
432800161
556845669
538568410
358012652
300262235
214085404
441984459
216841047
484207932
299502458
348617614
520175892
171671932
259543670
443899151
561526420
490341633
437820991
505628327
433940119
510865393
525776988
568976463
312772279
566046452
233806915
582166238
79571758
358342852
521114273
552635594
367834645
332458728
361462524
487086525
251353582
241157792
464667284
447507408
374605187
387540747
287504006
465650685
535973013
573553333
14334556
265746038
473688632
176751802
477636805
565673288
499777755
486195606
263573060
585262837
344575374
309714597
220060759
383481083
213296069
488801660
265069661
237923330
538487945
327132927
558335409
492443630
425693805
452380670
534095026
253942118
289489366
313890781
151110770
265316284
566845079
414624469
576541358
339109300
477553642
574494676
392692585
457178907
493506934
296013198
585812379
435151033
331336168
1972171
538761989
261083357
599155779
548167680
375391305
487043678
548482588
387231439
302993178
418815371
229479411
319869165
524256352
562735891
281403682
146466767
325980806
429131815
605170716
408525500
556503095
561698876
604215798
354600448
599804360
554740843
457001216
450443592
350468267
519524862
180106595
484772067
531955418
271390267
443696259
386117230
582311773
264278523
496129720
343145021
347289968
307891627
434407348
431237000
487256655
589300592
553295647
405936456
598761993
586733692
546450514
179201090
345033158
478124342
61776764
355769230
526683195
541276163
360187474
439736399
464496783
488740666
535959650
618229785
377117835
454656174
600995925
537787873
511667542
579796997
433961867
436791714
528679716
382591782
609858482
612384642
602872218
605796828
431747409
525819663
543174670
532215956
309084320
450963611
530311416
316826912
571012312
440238056
398377870
611634933
590212731
499522910
126514491
418420045
546520286
565423628
619367630
229064217
253875643
641040505
593060558
594586611
336067665
576214215
521907754
562302941
523404864
523359910
610889232
610877446
431803374
473817790
621352729
361926575
501220301
270313503
404288120
352390584
345789292
524467477
272794785
252527383
369879061
366104467
462832227
508890230
552107611
376667796
511651850
241937754
547379555
315012457
379862705
384329720
167906390
514194575
505203066
466509419
619271445
594986042
390684406
535831037
584859868
381727470
407840093
360852306
608657815
347287749
464287623
514646645
590021279
366072392
491377443
324123880
139757398
480647579
615110041
274736115
436016845
271571334
234798148
531303827
604612544
431848730
525267842
563809642
365809913
436969118
235439576
596399974
495007132
381604467
266574556
367241626
554901967
441668581
425398561
426025047
345879616
363025656
402834477
178812179
450333134
248230894
114499694
33775487
548984944
527958534
250265649
529877776
513943513
505709832
339329702
418133503
527576270
539271758
414721485
505582438
410484545
406562184
529580262
401519632
532938440
380600829
561072285
392667461
209344485
504206250
456635669
96515419
89471908
529545296
533102374
582233322
464948898
584079503
472921369
382566889
145471129
565691867
453474064
522476996
358251518
508538162
412247335
582301240
316598302
232880508
211971849
529599981
528824300
608337871
303888391
559617482
398342927
275602106
483920928
476259909
258265648
380493180
223647812
375923990
320098629
470886462
541804773
397610937
553471821
190434041
522578246
165969978
147282920
162538966
549854291
583542824
438671175
594203576
290097211
420305654
344842985
569006647
539550357
478209998
208019270
381122789
481507522
393353700
163848361
587891209
340339816
332946983
425950795
337579037
462556195
228930286
426032584
327951765
178152498
540875616
445751322
256629484
393137825
324813706
159423884
389974148
498016261
518451654
510120297
650370846
530262534
337041429
352915231
89666442
238135179
481834100
182393065
552387851
271264818
469587440
325644927
458248867
329614068
315082092
263681850
388938972
429492437
298649508
531163197
327174251
529842178
413190368
576368423
555983059
438337492
347322411
255415448
490672345
265440333
476611525
372296212
558008432
639570927
334948895
479127775
487095091
610515594
607479222
614854484
231461585
502201884
546263007
407627410
286198244
628582228
538246311
578623370
200783885
396954784
448371449
191948764
551418642
601446340
513279677
177188829
331636133
662785665
522473326
286056715
253822338
174259979
509541351
162289315
592707489
487838445
638207454
575810719
372915099
413838600
475504620
372005616
439398919
271731749
553195240
618694651
474980322
366642262
535764524
278581170
608580441
272885677
516679217
597904006
518397480
279327702
250415588
333261982
529424161
569581650
371068626
144084848
667190498
167154003
161006633
521141413
9422093
346713526
376858131
424224823
525432290
600769964
373940895
387273193
194306082
235038563
220218621
539461886
432176975
487237687
246093835
526534116
486274649
222966489
535331781
347219828
660993899
368674154
649507612
506286569
340531030
544370951
336409599
238117316
229643953
564618123
221655322
601386942
441194113
393302247
353596179
381271244
480505340
300108184
445715469
174238164
572446933
412555725
577521941
290750406
169838556
335418347
374681282
441245795
521283045
583182417
526032047
492142747
519179810
511524229
287586361
542623273
356018336
549496232
391091073
327643944
628222529
311668097
237330495
527908204
324124802
550286370
239897728
305667069
243513977
521898985
480098104
500848109
558793242
587200885
402034680
643728507
579755244
541742205
667756820
403766121
374795392
193381380
524129379
554205339
279630581
399647676
393595531
590811068
423848474
366416002
633955807
298639916
269800572
509316982
267499959
663731570
503892054
446564768
570040921
507435977
501593781
440768748
426153574
479479406
356947720
337019887
379492906
560787106
497981660
404983019
248062227
599846148
582292119
528955911
625572971
418519774
652402259
591224076
243306630
383185113
379485735
520365181
581308301
610587638
313653269
576873494
199566171
489086293
512851668
583270982
466871239
218397308
632503019
677253810
616461741
171839430
399138372
395953620
145429399
441688799
359599178
459902351
673446873
443686537
441269827
478611833
473479350
539764741
166842539
410295505
521426723
578229902
515700993
456361488
512127647
551782956
402823022
558062516
557599020
518337626
348302701
449521246
613229160
242605509
397955645
361651707
420180371
610304335
406620924
537639708
589606048
623461249
543175353
440204137
177357548
176946566
501696799
202278754
249038590
321762992
198844637
413047532
634409952
291495099
247773494
326679510
466584027
434923445
165873191
277735500
340244928
210174515
300740515
464728268
538883762
285379785
247772791
88325826
635630224
591925072
520007215
285251286
454267423
497105965
355976868
531778761
472437611
495872611
457758013
509507437
352961110
282811111
229003735
306090601
554143872
352571683
519292483
515682135
410923926
65825982
274566719
265523566
498938970
508139768
592427935
453556994
535922783
550489868
500487492
439447417
326157582
547121103
524729640
308745283
558708943
483202880
546538461
382809223
565009285
356915616
666081569
592376889
34801159
498541491
276662651
246536464
368718650
571262314
477324202
146544335
576064680
538485686
333421345
402383709
591590544
624122450
535236252
492857968
342692838
475702809
298458775
591991006
463092388
338243522
630965178
543893466
397344712
572660079
613806137
342205987
275898570
132564330
327161116
555691388
390723164
485035206
554786832
481845772
663181524
506796215
281363692
447202631
212823192
113766973
338363130
539222964
306844691
210216800
498418414
303330884
284213869
523961686
611456856
223365600
230953423
188406833
622748673
469657607
578579089
291061002
488628742
556713865
362584445
566786203
394325486
587266750
478877476
506110587
613044885
211141449
560446260
636159877
515831165
471347024
458525331
291009993
264124942
509883274
673342489
639814637
259371043
408750110
505869196
172720407
556534093
416744175
470860377
542771243
548731655
447178415
339809335
610168818
557527989
514211526
470403263
297653574
513084028
478043846
556080910
508188177
259195738
600470696
598866063
306613298
314275699
540331924
276989800
532605241
169061611
335601232
435485579
384804421
537019594
521147411
495570771
317585763
598256856
278411761
625040366
598256371
366423353
535176605
626884041
494694375
637374249
593098692
540802378
398851926
673153382
596607470
228834417
219961306
349434921
609560824
486755941
565321304
390820627
189609382
480092738
543694718
290165327
210078988
626309400
602647243
666299613
448767867
179766696
550397694
663716904
362982740
489358075
162985238
378188015
567144801
308578394
94849959
562342811
432327627
548380760
296789592
549014675
310919932
569221160
628984113
425240835
416691129
541019657
515543135
486914428
465106112
427515419
309133734
514622697
534197596
295622129
458873028
402276676
431326356
327091541
631682079
281868316
138784878
564667144
501012194
601338549
158391863
122554094
333779382
679057059
567547872
479524640
525720720
291277956
266485513
455398536
515203593
428430122
471422094
285472480
170910642
417797553
286476717
334725959
492744733
320276722
407997991
237986033
487851186
428384431
382766473
188052042
639194623
543908407
271405997
509006748
472636809
206145247
572215334
551590258
548591377
154005557
588164762
412165582
635513206
325118658
530714367
613265948
524078053
539568141
441831387
607335242
568914273
474416880
524601715
440438548
575021558
60280702
157153606
396676101
412535309
429822023
665359608
380944967
524043294
458947014
445342292
559585179
580906131
602175706
592615139
170336848
616086762
386462998
619276545
263395923
634476915
498524637
476481402
327314663
272613158
362399331
280914180
671618796
316681073
550824575
378635394
398672584
205072823
220594950
401017624
679159845
466852867
570596991
549567008
222316140
486723787
507542366
156880607
420261034
687003534
477284871
633792846
469876633
574193591
616132331
227885409
604532283
500531531
319281529
399421031
632892842
375486073
463864439
535276066
437927286
614364865
540793569
404401392
496318684
547374257
529650572
574282605
562751234
687821714
490994663
383317994
108161586
672254262
507650360
524238720
601233078
450781805
160129005
735858800
637422793
563885213
602869664
356043773
600321965
431295206
683182639
611141002
688313187
146030639
780095636
1112953978
226595087
209037025
565198546
533953362
660544357
368403919
317556391
556912323
410474438
677311244
271430927
144973564
542446901
34169024
452295631
424750474
569066374
697835146
1072368693
310023233
559023997
383688975
364056825
136913836
178159544
767409658
149239719
717172229
618085670
432024360
1068452330
280563863
528086819
422071963
12956030
768040187
1103132920
544140456
584519698
654406780
133926997
454570979
176169671
1105002940
640155858
867939136
436780405
256751496
150849537
220214968
422777998
104865564
849908280
761494788
465613584
517541090
189893741
708829745
1119534051
851138540
811121441
