40151913
74606062
494975521
484164044
200248684
27114763
1105936260
244732586
231467277
585251234
294219757
468379117
532674587
320290896
221452568
50279337
775101122
437320999
412416022
201113687
505816856
582826830
55714360
363363942
634668739
219736279
103144537
756922424
591831537
10695071
573215348
356365559
93265822
288134678
33897703
669128026
22560220
351614816
273995586
465271827
4552295
22216747
133230611
18664789
403599605
551265638
363373325
146376410
224899912
347161932
256706846
563706582
101020301
82875874
343845630
268547876
135222253
284077437
855740335
56492870
134924436
646596
546069732
62662847
90183603
196444048
121385377
443875641
5702183
765442502
563305016
305724732
224694938
191543095
270858699
133926860
1120451456
328038443
57151716
540684153
698636687
76487483
327730063
495107177
201086623
162071580
76976035
148391361
13876115
658534140
504229647
5682821
270838806
323139406
42729548
295124116
204319043
7674094
107537294
283811187
157904841
1567097
80505017
884842250
3221446
691420764
367619033
135183090
1792909
8685056
218558099
25092906
173989799
584343441
345403503
134911035
139868250
883761073
293944196
413739101
1030432217
609236
13992934
294317940
20735844
1470805
59133563
44716320
7433771
272985290
540262360
11576547
12903289
122332664
182549228
36675269
145586025
1097168
56573403
155349971
167903090
523733443
283949878
205491425
331881171
50418995
424368167
273627321
28395608
61941728
139559928
125509766
577683338
3994294
3671714
76410137
71270270
710213998
280152032
479085647
282362117
330284110
395008186
475689936
393380482
143068045
201598401
317445894
308289399
24698822
479187930
50516010
65189518
523103742
236317285
229657597
808383067
730617281
25389483
359176192
54112554
32205537
298798954
542756878
78133495
200482382
492551931
239755712
12425654
1076972534
13117795
6597161
1034678944
259188425
209714995
338919875
465246
111205969
9523920
486452027
142845096
425392273
348263518
514500900
350417374
677794056
392804635
315894723
561927383
15540392
185827510
16017868
456691407
284331449
177074534
550107801
216180922
466928183
528073015
775201803
12794734
531878623
586020131
623220
226404771
18832079
140021523
18777334
72987291
226479857
162890327
361236894
29488365
38703760
618000646
611337274
885982
359943010
2505972
171116750
145389142
313518526
76671531
104023816
35755884
503022764
22114436
117391972
127864053
2746680
593939711
808286122
347488886
546089431
451673522
197922594
456764002
6003858
20058972
381280829
5442931
242746460
4798558
25376267
469126747
138325231
541735790
12584982
27306566
67847112
396981393
40063889
594998003
6074831
352660866
551210837
16936416
147174691
3466160
534495007
60848521
139080705
144895524
620764900
251989155
18236585
121450709
140316197
196020511
210053324
374646480
107422816
874130659
525531932
416685790
18233412
699983268
51689422
142840158
39410634
235838193
383815830
136177583
14731838
849631
184896774
1024908263
4370642
154194397
180041
48375451
16562358
3762700
17646499
155325603
2638939
329010401
1642268
259667469
660486823
558415219
30663297
86796751
3107868
3031443
351578028
405430458
830658499
146778888
652346195
138152607
3203456
193189890
113691735
880326
133400351
514622051
37058391
575411895
59828404
6274357
32020242
340177633
20553482
452797358
679357303
101389896
148922248
553052210
832153554
87684322
186150058
244726364
250496513
34959816
107291821
753172445
810574639
806237288
12936668
57613165
483809496
216178945
2332965
3926706
75323095
246545528
181491073
14929389
478670331
1103583284
394658626
471757054
120314900
264334784
1029571119
661964144
218127632
182824813
5828762
303714557
678399960
589343239
154659166
731509497
65633468
6130138
168173877
92006263
524652704
487590142
379399255
11987169
745532409
7255859
239941098
458852158
403113060
822210438
73144628
1735991
308774751
380319811
319821293
5829631
424448259
591090809
255967314
663505580
316840823
728771801
132319535
58557413
182241924
779483889
549504505
409695354
91148950
620250660
636801083
202318772
347162512
639005315
138701682
46030732
93922226
168154140
742425343
872734782
273177670
68754508
39299645
49578487
38973712
208444723
385694333
510764788
31797432
84601452
732375
181972003
82411763
175081395
150585281
1678915
245349569
18767866
477785675
673634
269063841
13180843
298715147
25477591
126000325
20809879
457357128
184277886
645858636
814518538
359908299
140288679
305166761
184787078
467543487
53882264
1652881
21570009
154591229
148052743
690425698
5516636
497211496
154341874
828678789
891581161
340851548
136427243
773412132
1063766491
123127710
502388475
282737071
132983753
50719802
441793450
253726919
1969803
320062187
92376448
478533371
175942517
482892482
446326768
5871650
562364553
541880415
886361581
244359900
18388167
477794627
127725749
454241478
323373477
177539651
436406803
2471779
370846953
257045529
157784642
234962441
629671005
509010431
285775348
67690120
487155383
492890928
360666549
851828874
30519122
145251603
711557580
805829349
1079768777
228692145
642759659
541776666
273552208
1120448734
267585487
4060162
318037094
22951109
16869911
193872990
587662241
290131197
17667645
333694362
602744838
600733793
316366801
1031661528
1040583911
45159498
161552974
20246656
45949
206517505
533264814
177457429
608258421
419532270
178734898
71012419
4677244
52683257
136314052
227100231
2112521
138287387
14636811
109196030
531687996
22596743
383851765
27525659
627133873
335442149
762317632
25852400
200926842
82289665
70684623
159031265
226919746
8468803
760654781
551249016
165662070
343227877
44826229
57358357
55229000
858729773
13637523
622922398
130772472
205900542
65972058
9440866
142594103
490434651
209684112
1106353226
507735298
21850257
276970862
16630123
90583269
314289855
221359123
621230700
10889536
16535952
843775762
103158196
211848321
472159565
545357079
696782565
1120348990
564888700
349660066
16076314
200338698
751111803
217024448
848403756
767629515
440715058
464200104
111250967
242097875
70224167
66552556
165067448
154491824
70399862
1400178
543950270
847835977
545601783
247412059
247131325
811818889
297373442
577495047
43613979
13273587
187176008
241962065
21240685
501672034
154036465
91308808
107923909
369037949
21293713
773032165
289137710
563613644
18713422
7863313
41724320
151321877
469611460
710756223
102027772
289969719
159575260
24494144
351110600
7707756
315964305
13899911
631147485
850093673
210649046
745162533
15987944
892530002
401320584
230196355
841510212
28334321
261664012
63660539
285404916
732054144
312580048
320956085
431002881
567752474
868746317
4147431
144168490
319873409
364050552
45216272
16488311
567700278
236414293
489008403
812748599
465273167
477529014
581178840
207679525
78768371
251041908
155222017
95273311
29464995
483209422
864621101
142246444
16478616
50984918
293068569
264247323
376896651
428086821
1120411901
893777631
1055630782
177802415
28476566
327516393
286400451
373673972
119716900
485156496
121458618
304115691
1105414305
19902629
125611751
452434080
36529859
40563553
114358057
2625792
845244355
85434438
134425701
193673791
734903679
93294318
68617359
155598688
25933161
65156636
818113468
474216515
354529904
37367995
518466884
6114780
439670823
691091195
597108090
465574002
20727931
7947837
84008526
12346223
142775751
59113303
766828542
431191621
52805411
94353473
1030578700
846389877
227217165
18589306
15985838
269166276
412269929
106132514
619915516
665399548
49786961
326730324
7765846
536802625
48101789
712895502
112657446
150730625
645743956
16413498
19224394
72212857
145527368
214817715
13155352
24279936
445734979
815232302
120367329
71411681
282518872
585840822
1060588006
817220740
270771958
760190626
229233919
22225128
70289948
9649350
13750672
138865031
356478057
418526518
318445952
60376498
391436074
38521565
460791565
25013939
348755781
416577643
4693108
189377983
780533473
575760469
1069936025
456679088
872246389
245823044
165451350
20913334
24593808
421256552
135914912
32522784
823161990
652652595
35973272
308006879
204372608
356227038
353256106
568929287
221811728
23563776
137177031
74403429
476019749
208641114
530793434
96243241
219881
138724953
710826567
87578379
577748553
502717228
756452819
500081513
186162932
303372433
859294876
81627868
320307177
367236033
248300427
131935436
9222808
109437919
202745613
160601814
142296730
395248454
479330025
1110072705
642684699
392358554
414524744
12720945
69672879
85432430
1078888631
1047050918
27390581
32769426
538259317
48208503
60438787
78504276
12802248
266412208
378920909
1034126494
200610763
440337153
3743920
70660361
28896108
200000587874
256041870
17002473
565810258
255111754
459063443
227839090
151879388
367222337
122753720
7612331
869392972
41652579
136881973
378204574
588307483
559182119
680213894
131846674
59609074
13667102
611800635
226908010
163684684
56473024
138008631
177665630
46405304
71812946
20739678
917433
488927259
611234618
466955413
92696464
867061122
236952408
23600092
352354869
384280967
9833125
320596522
331561957
513785948
21169609
38457238
2244592
31078236
232079830
319108228
326715321
170961069
382376929
734486568
272252628
604188045
386734076
155833162
827140033
226603731
473392575
275139505
471841915
131765740
205131842
39034544
338412907
14330510
163027495
417752991
273877963
625117656
12816149
61925431
237446855
5082869
730067887
313740575
188859705
196271481
6865246
472775424
220998086
443705905
202340744
595641665
468020368
75648377
665282843
373681296
57087691
637820559
139158456
777636597
6379978
640237347
106555565
604426831
538554378
23224293
331382026
1100639279
142948465
2083316
818100754
285690186
167464780
269564043
301880135
169233829
110159758
38265081
729059830
440455549
136593232
154315000
525760314
567658512
189064637
26567870
13190458
189536132
16966318
451190673
121273110
50336784
157300129
163888128
225671173
6776445
13886057
315957002
220393601
54866403
523530465
133172218
90010187
539647510
66927554
216856572
1105122870
840957555
178415906
3043040
652667307
607249237
378089701
895592768
395882316
692746694
1953127
290013650
560425517
23231163
302285518
62610167
520182139
271910334
2108575
58407219
199701394
285434674
248570480
540959323
394729556
3396808
9096817
794917458
79489951
858993841
162894079
150984745
855043704
52855229
220430499
193037107
63063351
75185565
1077128636
125529530
309797923
598264728
471125664
489768739
572852792
176294513
637100398
499277044
549204020
598902296
152719738
16846504
778885987
574176042
121886928
44727606
161435892
533141138
344565172
447848686
565344335
202068556
201066586
565907674
473826371
230504392
590872564
654581019
555394830
181459555
469507485
53726082
495724224
232565367
122847952
1410
577164833
570722781
195125109
145141232
163775219
329835718
457078462
176808092
343422704
26951160
389167009
430504704
261841957
2989608
1992556
248567050
76707312
903929
511016707
139181549
710204907
142485442
180457226
20276883
750327667
452541433
876310556
13201373
53391522
161323663
848907
616329231
171638257
679225867
133739171
673964199
178475703
755749468
162453700
3571794
186313852
890781230
404379358
212765531
757733842
197056951
7286874
172382563
561479711
417221
16009721
146271488
17732351
247360534
19216343
261204370
133453263
17443168
586501328
728648736
477136737
811706415
185707117
7521361
51223659
69283442
184596739
197114182
104524702
476307016
308213924
244133204
406930806
789511953
189650888
267108289
89238446
77047419
79925448
30509221
459662595
491082466
368818324
373865063
1120285485
62419998
345981782
222156253
146847005
703945862
492270435
432808907
416933400
609522678
199159845
330454068
26610879
35978332
50328787
41290914
885913406
340992517
769309166
2477975
309663809
863151202
103683552
101137765
163452166
203866642
234019154
332221734
1867045
622882371
581430502
249074595
612967756
78545299
806719722
605318856
338651704
16898423
830502167
1083018461
310152817
155127569
570733097
433147629
7744571
20203226
15665541
182713469
280462835
411608048
534578258
710139973
26350377
424730474
703592709
147003071
13782441
194634176
470046343
381654895
816075731
5651691
1021701370
11472781
147729560
160864202
422609887
239388595
1088184
396164120
9536909
239377570
533352502
764711
762083670
370369648
460090618
271268305
252247480
3985734
826225595
454373414
70268300
529366908
283223226
487968922
321294442
423365241
609614216
153602893
566766862
560084269
573929968
635409269
270922150
645991429
93634293
694263174
617948661
326594259
274352558
166007020
187812323
76040933
210655530
1077983978
42205649
162102286
273234980
554068159
86611114
1075361803
594359885
193369930
499802477
393234359
279283145
6368220
204914483
149947494
417071266
693199904
638048
665684021
210322920
1093486103
485902100
685785463
689857960
742668805
672979138
751851964
113650556
605137630
1026182314
350791859
505237298
642037593
1099252081
681845060
488128125
16593185
601760364
314337582
199388787
218619075
432382700
534402151
329936482
825124928
403699899
511804203
448638266
218262068
679122709
134462844
278397528
400735314
551687328
822338038
1024566012
600969449
372519469
101811246
677045551
501331263
35842077
498519365
362331593
677956008
248246590
404637693
322987865
767235807
437363595
302101562
565260501
240182008
66290962
513900195
499168884
286083860
31799224
162542838
324146337
295785330
98469503
814325795
1114828556
815952300
780729031
208502826
1030584764
318255689
75949614
818773617
333020252
743763968
181335685
713378661
80316376
1025467002
292537091
693691679
155021848
526969729
243736922
3840213
190969431
474001282
465201347
506239220
484903792
603838832
359742374
454680433
454190502
1086187660
564057651
466401741
669114091
699916442
494387334
1116202202
316393378
526960256
239467601
3799876
318667323
268459817
20746835
443484136
324959826
208435171
181621433
462146953
87292305
240213535
343642207
21330505
694299718
428731367
323094889
414554368
154009306
86126229
61118330
457603699
67665865
174373429
178934529
728936564
72543567
552588488
29846524
891318106
564969355
68620223
417701390
284829
548510122
392799110
396947161
156921763
519500258
441303236
185461256
482126144
37125237
75478767
16960476
1028654148
755828266
878623092
1107290033
608231951
541966177
278382435
240241403
138264571
498818103
312245737
587527627
134728446
735685518
5317582
143595150
1083452844
323444361
463427163
366840841
1087514805
765930917
722215078
134645761
273511087
64941254
452908853
1090467748
160877504
7414528
444141277
76600810
599155233
134111204
23050382
152890611
37370890
452102778
1091473668
11803034
403252862
382253697
89858724
2785627
3764348
1095837129
147683858
113497913
87304781
68404651
486798117
155186521
115084106
817590060
291506416
1047566472
6459785
19281209
506459298
234027843
433497198
1078637918
779528875
136353987
874312158
56282158
50509737
737524352
8220059
659301932
164461055
176031269
728562366
1120538256
491291005
493592644
30861947
1076459470
30247871
200516959
315868090
64963233
842734596
374622818
327452160
272696902
290751587
131902816
169972237
768842070
145688352
91080650
846576368
332893865
33557095
781259854
14375487
185449093
406448149
1085732115
802882126
35462930
671430286
150310308
147703664
770680969
264362500
168994633
836720970
696400978
135757597
134191882
135856198
32194100
