1088965138
306912725
263852232
571521885
555401834
556601668
569038759
480329263
418942357
551044829
491666313
567655863
585721098
538479134
385239531
374584419
490217817
333623850
523979615
540121029
283261977
415092756
524004633
34003546
473962896
516979758
427958745
433340912
381754999
427317766
204885718
489357697
561577636
559627407
81132688
554770628
497489508
126767543
576357355
247746769
551927299
562641792
550325339
464542617
346178010
583153945
266622609
432308526
241421228
510522009
460212125
493615569
371861170
513937785
396988014
567825551
444841316
186172658
216409738
523680138
437376655
463453615
483322170
419343270
478257185
422992131
391577480
321449125
573103826
211794127
548677284
539220492
552560066
516645064
554156039
182521497
392203500
496498417
408440665
318680672
339654908
477151322
556491578
524689727
288376475
390659421
478472226
422804166
272222
562785691
542230679
442671052
141077909
487524672
465616611
559065318
292442393
546659377
560558752
397696857
528851294
467917687
486799751
485165019
501079417
493896520
320959672
538454092
531015883
522898998
350154570
475358778
508647156
539347738
545197093
444996446
520386939
561398643
448212866
472439052
541925861
560506546
554313820
291361314
482161532
270068872
469877632
404139777
433695442
542863853
450929671
553331931
527704552
313536734
172675492
375017971
222209046
550309699
397579519
313255063
417502946
412236712
506359113
247664327
268214833
488497612
440489170
539237144
533893992
556824110
411305625
481094852
509257588
469860641
374180592
422962392
458588028
527616988
484578500
524178926
535871925
519953019
549415123
520139787
487414723
550016756
425873537
538079736
488878765
554742733
501528620
474748521
533875682
437302014
545351864
547325705
539400176
535883697
550114433
526646847
425478922
548596050
394281829
439882845
547905706
453503104
461377435
411473228
515461374
529226228
443198296
401412009
498724627
238509464
471265255
538283410
523253042
509269634
485137953
515950599
553415324
322625741
539459542
352032767
548358359
265971418
473245817
532789833
308454129
455273902
326440393
546376743
544759435
544671734
544426540
543773815
540592585
535748495
534833258
534794433
534359381
533482000
532841869
531308794
530895790
507531452
506091996
500042470
497844485
493695438
481861207
481001718
470946140
467786725
466287298
450169955
449054628
448707289
440633375
432078414
423789115
414851774
413648082
398930729
391938260
390231740
386742676
385451076
382152377
378425412
367730253
367036619
364559665
361927907
334404904
334083249
333409754
314606071
275445898
272467795
267916421
265633146
263218482
260356675
260069627
254220483
249181676
249150872
232148208
227468735
224257431
218186979
210393071
198198100
194925346
147611335
135081267
19291805
241795879
344863253
288769844
356190150
474682081
362193488
548297689
524264522
306886775
462382856
417493139
356961886
165632695
538462373
498319003
548932962
434448452
544865440
515188787
455756768
529282415
6597687
356992508
499190077
16516915
295104810
486720681
497642172
514566249
259670099
83148586
299208949
378160837
515003736
543212703
337328575
341349337
204344668
523089599
192925273
466521085
545989995
530806044
177823713
512473457
377163273
315712481
380764933
361053097
321823239
399827151
524050192
537913289
376190646
428593844
535144700
440931584
540765714
458157993
250642874
445970407
491831272
544249447
546084102
542927374
377767331
543834976
488002331
534532971
344730833
468084701
541693314
300386164
492795545
433378842
432105641
427393515
493671881
533801897
413635435
540125588
262066158
325473318
497959732
500323122
475055014
533618149
531304785
540133610
542918737
452439519
526704620
491448992
519502639
279309192
238827837
325396231
275740447
444823799
30676523
445622121
544013527
504755776
433395576
542352554
490031895
487775135
430097604
515438935
464278632
495057325
530532033
534404876
307549775
470975815
296161620
284241456
418726150
422580667
469050485
463285114
542076203
356557106
541518015
491778563
351227367
504469671
390843159
452540296
538032825
406210826
297095372
529446880
293729437
448408217
543821124
535947328
545197244
312707832
353597194
371222988
442724671
525557002
505970625
360776979
506824233
406349590
232597232
537089695
481686923
492197826
280178663
537506241
529159057
533786495
409262337
414067658
518002194
542457658
405005081
503775530
525219807
503448098
533784741
468305070
488239383
412713086
240815227
346764600
460091120
334187497
487762311
524765601
521703843
427161266
499987251
465365788
532358337
516418775
374775414
494767327
467059001
351504949
534380172
494963784
324169479
468031973
312893107
514377899
516425486
530504020
453274126
545324972
499988034
438500749
455384923
349551062
482881780
479084802
390507641
540607456
525015415
528070242
543931785
418098443
544527449
544235357
540914473
458671751
473600206
479958643
383486724
320689732
286100051
527412699
346857865
527588959
494772553
368263741
481404711
386103375
518699453
524506739
453951764
290227759
511125952
510511794
540322680
467140090
380608767
500353256
523986353
482004025
471618025
528476315
483925857
535582041
511751801
382911365
542751779
441602086
523197434
324948797
543751551
476932235
475590603
275892425
539360976
526761362
527242278
491208759
381194693
332730304
544784593
533476701
515993687
474471337
306027620
354501554
521518158
328630827
337421838
543000315
331308460
402606349
502025164
298534897
258603023
394277749
403460853
543946160
349031177
517562347
387355940
213464050
181947734
510080695
392250248
368654040
519088938
445066075
491955502
517861246
539091926
428522636
535155206
526060907
378447672
503919421
480350018
524188308
488988091
539307457
484432082
510898802
441045810
263608444
104416339
424701993
541910814
543845991
524340664
542513743
386030305
360909850
444673807
425520801
465389626
534086533
477677944
534667552
539216596
374556977
311521240
524515307
537466182
541282306
502154791
341214499
408020733
541542837
466114206
494385230
534398937
209759651
489148853
519981766
409435264
441514860
407899041
267567768
347907043
467623900
532835204
479756763
496356372
446259649
500037987
413336116
473279878
509879037
438256709
470516285
492030394
512225414
536562520
392943427
410564904
440200253
494682485
540338668
506807604
382482488
523491976
450555501
485030876
526197348
541353306
457283599
429404584
525096130
537934231
537514691
518762212
540888542
321612858
486029080
398806215
426176469
375468329
539902755
349507456
343657176
336141672
505314158
519192705
517289970
537644207
542889546
540621542
521526257
375933963
429788901
485192657
467773567
338204079
349978110
476033855
162568662
542868520
264051980
524553661
344164858
540002404
533645227
541401457
536509932
542782535
516437996
251922602
512617865
541852149
353507592
537544099
532737925
539361079
208468338
313015593
414251636
517272515
376980021
540701538
496058408
428883790
508755722
532502199
496613456
507019826
511786564
397955224
526424809
517719152
483357895
76504141
528083467
356697868
487113527
539608160
487739821
438191931
519756153
518389019
510888672
523119816
489106878
325877512
516618678
392798884
475012015
467308534
489266880
491767802
496796662
319338734
250706816
517081961
525062166
538629092
429691889
541543720
294600793
220362264
404349614
433539304
528197989
368280726
497101733
528269016
498624596
462742934
524058572
525921326
503209904
261766399
541391545
366579945
448135355
430370651
446231706
535886343
537238104
504632385
184156969
491651092
499012964
228857846
525209942
529651106
497027870
353163170
274596276
534750160
426161293
449050387
296829946
396028807
368360049
370365608
254419317
520845233
257398883
209918390
444052958
493805621
276609053
454018586
517512072
466059142
438265216
517378271
366055536
505379234
539042307
409066968
532465425
535989243
486724937
450162735
389793786
491243195
457155917
517958634
460183378
299314606
514889773
525731986
268694864
440750755
453769129
516557111
541343353
530894586
312885009
508747924
528786428
416590539
528681417
480166318
517853244
510802065
524502303
528245915
491387915
541164146
344297650
407756602
444654371
364930399
473962440
432344192
433196965
394127772
461586441
516069398
462035422
502454367
520754835
518758195
264179543
