508895753
169426468
672116927
9287868
161056581
549983925
217774853
463827480
301525302
819973438
1059888194
208895700
249210008
457976168
1095506932
277133417
342441395
441793450
463031671
588662932
1099260713
552074084
5829631
174857792
58400471
217959653
656232872
460703982
1104892917
590890934
351009072
518886196
582838394
564917945
156638084
305166761
55229000
809280270
280056807
1112826215
453169869
1084614624
576868143
285378403
610963782
648582600
462022347
488403235
63063351
537690156
542042225
189106283
527156499
319429067
1119674777
622716813
637017785
559519075
21330505
372519469
414553981
1089411297
3508632
468382605
1117048402
474981291
201106088
854118241
399082617
