1100696442
208169693
777293762
186808682
202047265
541235500
887588761
16387900
35060736
145673448
642153333
590387009
1103583284
253766129
574400623
346964516
520027831
420332270
681845109
162436130
203171002
456198544
397548820
799336929
263216953
696123918
611493600
555241765
309514104
504948177
657541001
537690156
473101308
227369324
497153106
745942817
584347720
1230922
39951567
808809172
283501192
215645709
297242285
334963275
429188165
369406096
386675910
635863936
883912850
470027690
327406533
829330729
1119500306
632417924
275106230
544688821
757255008
674040053
564490531
92191385
833004403
1077983978
459919512
539332079
1059511977
863843570
634052634
653661219
263985664
850989618
589436131
321300313
1087480640
640167293
620176837
558264849
328588152
216971422
854666841
829449343
251811268
710193096
460344414
295029845
216645265
476764099
848794528
566601692
201552577
65424597
331485329
702162994
653802671
543395499
181531853
1067823516
475888124
224196909
751505727
795866776
233666985
273376428
755089411
233699645
1022292738
543619846
1106648190
701565490
545151336
260143042
570728517
1070647064
649014130
553098748
401077925
32862694
539031730
282674229
1079010235
866907890
1091584741
1106642837
612846484
672979138
516117633
586425476
560645982
847221619
319083045
634844903
557219486
639177280
658585174
1070243005
732854570
487104489
99807541
581309845
607342796
594811298
653430847
694845050
751851964
524159582
646425353
374323630
1054282650
234046925
605137630
1105765622
1119739315
284873465
396723635
1019518509
156445728
284546126
712410244
271443591
525014189
557956332
469631769
448563792
248469936
249932071
825396906
154900543
864052015
99631699
1079696932
694814207
1094439334
789841357
755018921
824474218
371275324
658710156
186643797
602513120
662363719
1068062545
804827382
1120051680
315077423
812888024
401818658
540131665
854420036
658314784
612710439
464017478
404941751
786252948
1098730297
573409863
897077698
642037593
699456030
417270805
465740130
680576738
610516625
948501213
873095638
381153543
513508370
552826019
681845060
738908617
1073400523
449182201
442211242
419181870
571220821
471694252
205851459
1081211412
306014367
541982600
885001756
506509711
171274493
1111047965
536729049
1019536268
695300927
296515745
435529962
763535777
713803912
468714390
460428667
354111623
512974272
313624651
788302661
1114887317
845695031
881512199
608156702
601760364
677264974
230922842
487575218
206292878
700869002
736805006
182042663
663141077
742767219
448091553
634204956
695859256
253665486
513595514
477990828
678578272
349461720
833881266
1098654859
567815845
610288518
749816532
307438937
1119913005
747836595
476895632
1095118093
825141597
593354490
880177616
548070088
733171391
270118144
312951679
242870229
200478848
211702330
568291534
557682770
1082571069
632072201
248274662
199807522
529171067
1099978550
1114796787
434888559
362016561
453983304
919457503
1108948804
606412365
1034117272
776158156
1094766311
1078278253
411684801
282749715
688411875
699952136
1081122073
762114582
214600416
676714924
637017785
1118792479
372719408
336248105
435309032
612444891
796224961
399539610
295456845
490267225
673645412
825124928
847250074
695429766
529181164
325491706
690836257
382069857
1119063408
1105638693
522427983
655040663
602942637
1105184288
369922095
440712922
679122709
842322578
290929526
838748758
397092438
515067089
590969472
1119393920
579951118
1118189471
623627510
403899103
555807780
531618247
304060176
470727604
799779290
872042162
322811252
601370228
492407033
741300531
402694559
638531131
155678951
844613782
1107468103
645598213
471431411
18629933
1072488557
872556511
620891645
427974912
456997524
580449881
841040358
523232053
854262003
640372476
732157104
553214201
103352266
73565021
755882426
891158894
1030796181
299216241
734458077
756272952
1119942562
1070090632
816319878
779024965
537482189
542628606
680237710
729881181
317121136
1024566012
550556915
232093453
743977190
624584470
1104481654
732388696
1073082538
1113850573
576043537
883902036
383137164
891458036
590488947
1061623941
69766407
1097171425
824523381
719660756
526691951
753381889
805530696
392284831
659934538
569314657
340368287
791013572
703994381
518300496
587482897
466696255
608312632
561947518
358017180
893772741
372521335
1048489749
304314098
261663493
1074858983
406777104
236544673
446872179
516101606
781954546
469271182
609808797
717962248
600969449
888568466
295984947
672541790
514496345
468595159
885972004
574680602
185472115
755765976
639665298
636672021
778572866
480302271
593943149
634401178
1022791480
512164107
1119900440
551105256
564740037
566885058
619775667
302326661
430193636
1118760836
482729935
511732599
1103192690
545098189
877071810
237342591
1097052964
212465437
547986604
515325898
879012761
701298299
426639172
586937537
1083461134
494033641
626898765
357192650
599328520
619457388
367676619
521396898
283387249
536410053
403966594
130898069
672710155
543296931
591726523
491588052
1021596805
651171916
529892943
677595879
277343647
489391942
1117455417
1118089968
1069725945
529613477
551604828
1099282032
1086545490
401280706
575281661
821579216
276153139
229605976
361775735
765930917
