355933729
627681005
647019106
609429842
141048455
621969123
506227944
489282514
487474860
604214314
611363752
622775072
522736328
735797712
605990312
648189148
658015629
599568126
1107850564
448832904
560002666
451636102
386321568
543311403
367591846
575500958
646272144
452091303
654562827
281186456
374388547
394859754
580001345
543069922
574985841
547234798
618402923
570844785
1091142793
571277136
542261932
503870720
197730976
618878905
534714938
484164044
203171002
569775560
542148619
615218378
554251549
527338299
543619846
595435727
682417652
692381199
567080064
448561321
559102573
370092448
381153543
329646043
517185182
638183092
324819778
319979786
730778238
833909035
673143299
1102283954
298529043
58535315
1049226568
578353881
1066789960
1075173501
512643788
1091248119
1082067701
884372172
119472668
324968243
863595547
578287160
330858756
688229825
1093537842
742297956
502875417
542508494
1059394916
498111717
1101463295
122555871
466264245
653019602
730571529
348033615
1064892742
1110520139
9588366
583412226
674281998
548344518
666618159
1098638567
686603095
508102632
796831107
153987128
672036125
626421874
441728613
394480416
456222026
610460176
770488924
614463584
781071217
583509986
491137850
1106605177
809280270
402636774
865544989
763585176
273496971
1111664696
522168694
427408837
1108937298
873438155
478558820
450148810
711084436
1112074171
713473516
606863372
849279325
373018853
723395531
1039318018
454261941
568819325
418700949
229173916
636322242
489934561
604182418
629257198
475665576
625008095
514075520
510128202
373771958
615079368
643315933
544136911
616173032
312149259
462555185
580937697
336715274
234828693
521605823
415072601
586376112
552754829
517160283
597369100
550941547
622870462
555348103
550027525
324159157
548876422
551285558
535189154
430235688
548238842
639119874
393112564
574492640
508252354
402482298
427615311
311486219
544788687
601865673
340117713
200449722
476481582
527876141
205294208
571376615
511172116
451141369
577215659
446362063
188312015
574157507
373972217
556450709
551044681
590261217
484582862
427618799
544930731
608648844
333830528
649360134
657161605
519649258
616230076
649924744
567207747
331950313
491924624
453527836
479980083
567466773
585416971
615920692
582881732
538555811
642183335
609180414
331156246
515892188
428505475
415702024
371481450
496885389
591703535
579570322
562972026
547178117
504834018
352267439
523085133
626621126
326850270
519072927
538927767
517594375
603767571
509218985
457751622
178770952
314900300
307832499
637260049
628859264
391640200
371894615
640195979
453330945
453443757
377156711
601439359
506511658
532267320
493564058
629974469
398513255
557290848
551715690
425386700
559915896
269932235
569460198
369332503
49243267
228262362
544416569
498219066
579260437
364702151
585876212
234883226
505302231
305468594
538360076
630094356
592111678
280794934
386556928
536098108
476887548
506022605
1105333907
1093545052
1092382306
1065910105
662219455
853621773
780180577
642766008
324867093
533061948
525579838
592556964
511651850
785573705
445194212
565198546
568768472
643701232
1055431001
157040300
73197583
1043776539
1074436034
744659635
1112478551
788324356
637740302
857017564
1109472309
852858699
780556427
272129345
574975191
592052813
84881145
1095313570
401647893
1108314975
1057930204
454801923
780095636
570033545
1091274097
1101021760
433919245
647814854
185076753
429732388
387848100
358629018
580007246
479267593
321019494
363036730
542101052
464236530
557947337
404156257
162927137
530919959
511941802
447194944
440492254
354029901
433864614
274126911
477224460
473643117
592087543
384546164
577218769
170869216
592827230
150648257
806305799
600684356
388121299
539993626
460101702
611999887
622218906
615909678
395793845
680496238
599838199
392797833
749037503
755598286
256403772
556776538
558873114
739137225
692490360
473269704
575367913
731440766
773357339
682219392
453849647
541628675
775997160
453211732
684186429
177189428
651210428
410709352
770329694
603062990
675115715
568844384
445503747
714766481
780837900
349604540
466057171
570788724
517807913
674729706
489476928
436216587
466084286
497308136
669804542
584900238
434253407
683459308
224856179
729053777
578404544
364465187
462183919
456619700
410928336
536108391
622546404
324171362
656877404
754124234
611122873
489482709
576726302
437908352
333354216
595156762
497661712
281496701
465061296
653489345
483160364
614521888
494827496
416317873
176534977
457035764
422397000
582467463
508273715
532040961
696468351
637021519
590121860
397292818
498259816
667510642
519917341
717551496
697825129
661160634
569498695
596361920
395395926
662746163
561550409
327488179
487682280
633881979
511919221
641860192
701848589
298542974
730011480
390178302
320866161
362874755
572219266
413328943
705072853
749693447
551648351
708926410
575346239
542328560
456051889
670635685
758330887
684099131
582207826
703375505
467510010
334834259
581364864
498534019
350694172
709579066
544379405
660237675
303282415
677421568
735920552
662275452
615572628
583148258
617094946
203809130
720293724
730652088
581115685
697012539
400868505
544953973
511592825
342226749
441915219
538125646
443791616
561483319
615489322
570465307
569884679
605504696
531410735
522318811
513738922
574641554
661588104
608601707
497729665
360042550
405588684
585075741
517102905
561072141
232157903
527815489
662059022
367287574
533548606
591031058
571889234
471795548
664080386
656324218
494808087
523680281
295028682
563885213
615011042
561749903
672658639
662357803
514185403
612119858
316973045
547725616
497673975
694484172
613208294
577767613
304703858
503776346
717764078
664915579
595935138
367944068
537327136
575628366
510620129
428760687
412035550
386880994
537975789
537006906
634164212
557286637
198067750
433278013
451136402
704141602
527283617
167176743
736838411
615195234
574618635
664982635
346113519
598832452
536919867
549658775
655993225
382131332
632455794
377994693
591575157
589622690
698352199
403144399
467796240
558178021
739891918
363375202
672775915
427728115
607875343
682270451
468332155
670094485
474031652
564843046
597153638
683574340
613066187
421577355
628026356
353463679
428554484
531441925
460514757
564651938
461010323
650288419
360750637
582481072
615379590
445342292
653693929
699342158
606581527
429226065
392094127
586171598
620775899
322371980
394983573
561524882
429462625
496060707
515117196
154689914
429152703
569461281
661431665
588603189
590067413
350793405
578412057
606029549
536995599
622673705
661348799
275279991
551547269
172580984
731546957
533881185
447839001
564641122
444692429
599454649
591340775
288217898
546770135
626032144
323103028
239727758
599169431
477764922
730215246
628352423
707996638
554898837
466564769
652592833
686502901
312538252
656149089
558577303
577815055
691019471
573946858
570173003
592997641
588390394
701693673
531901593
657626000
500703747
568285702
266496981
597773155
572215019
513415371
591070944
610989536
645541588
507406221
707663431
360902198
301359141
636433569
662159156
470840992
593442622
558082825
557720114
459293659
464764447
589046192
602796076
453179100
479831157
547319485
579726418
562259322
556618286
558246048
451443667
710086307
551115083
447124287
569940376
403997593
507626894
582323634
444969926
318969532
533116786
595141526
604731721
557390183
501739892
365172838
587745677
118939394
570630018
601305094
240507649
296827996
561913166
666080605
561146595
535911769
630809256
646534397
284225718
466092973
508066970
257992489
583404731
538757800
431803374
657533645
511589489
203814475
719171495
714825878
661735703
285853482
653927415
438825001
523214660
551972958
460755734
483601820
442027103
558234339
661346828
579389755
423132904
611357757
564634020
549964904
636668569
464423285
638820107
545149885
685644123
281871575
561659174
508565339
411407531
282194709
515815914
575922552
609178808
417778683
521925614
435249351
669181706
213000089
547964078
697282648
532194436
487668149
459266123
690183796
504789045
312612076
319130266
391089870
586918231
569376441
371276736
433204570
265564615
693275445
351213678
259515439
639576197
616539489
567266121
544562646
455155410
659713165
336963397
248716822
559369418
337369057
539461047
199378988
531950805
500001877
418329377
548040880
478384174
703046644
580219766
229261078
611980546
596959535
499346929
589807905
451246969
429267114
587548216
482755597
588582774
715892474
479462760
391858410
668547381
653954219
499331719
516609949
647915507
542444301
565891955
557498272
554466678
566390795
616197809
476922617
211592896
467664440
614918088
677104101
564940465
563276126
631845837
376339244
661103141
416467345
634237652
536743281
714560164
600156520
585679073
288389293
536404477
516605193
372094284
591471692
505706111
506027098
526564015
590435270
500242283
622279647
544359724
597088950
511866428
279805876
309027346
654057212
420203836
532577581
662580456
692451141
545693604
601015982
512233977
666705059
587512530
533666251
586625999
531253424
608696194
607891128
651532515
467843498
684392017
543492738
329456409
301557135
565764776
540709428
219176975
606038242
442533187
404225767
121941032
554697135
586777753
511506182
586220190
571771895
460012066
611011429
415040038
582794990
657352169
690125687
590597863
444816118
564839897
213238245
497039650
475354152
649794250
588162868
643189270
666945895
513944776
416004109
530578746
467786324
623683210
677611931
466323631
376952435
622353796
558336886
553939356
465258032
590160968
573011104
707256946
653634647
215959716
561702206
442576924
353542901
640414228
533876189
636289059
388809996
441224779
563456754
596782725
560530184
592919214
366537680
509186861
538729273
645531665
289007459
552630948
469520270
245372697
512342163
619867739
576011900
649840301
290741815
591630359
280819105
318654528
529772605
518083492
597657509
524570724
678459916
644081371
605189096
584855768
655692005
498924406
614756524
630326942
568050102
609669203
283505588
533432710
526840606
570570715
587474456
604622258
504216206
445822759
431954769
346855244
417873359
576113207
578221652
341866452
344609258
466898501
610995213
518592465
507163641
649495468
522913951
646362037
499576868
266312699
602912219
485578013
497166136
258423243
254715526
560165263
510966455
570380815
576750997
611400626
536750356
650140822
522387304
472742598
519019782
454940017
332079640
611742734
539599437
629950509
552479543
303407944
563651665
608138447
553741545
566062714
517159978
569564822
578433776
582303452
644758582
416707063
536058379
630058812
450614886
381546317
646654800
485545863
563576892
547587088
478800480
556301869
636136217
531736559
431004690
580660004
555543711
628773462
181472964
537948376
518309160
504755191
478875343
509599948
391590504
388664739
610526599
576427449
516415223
616220685
601504202
474169006
391252864
630568545
349642440
590363519
616379754
499502777
516114699
428232854
598428247
510788079
597388805
664025685
642031323
408573524
535450521
556709164
408324104
471651574
588207662
453772486
654414846
462765984
519141711
473122704
541694571
322713255
497472584
641802793
490108320
494425579
394152248
361543696
567802271
607555396
504488896
556594502
188982719
510612706
254290723
515595119
607291435
587604258
575508164
513812639
583240416
595757170
374180545
261944545
653234129
521481189
471907551
518959875
661048564
202971529
570143536
323131033
271180229
300848050
588501188
299244370
512605246
462687754
567578394
240304559
554640982
327158070
539606840
319535005
394126327
525341884
583830873
473987832
570354913
383091208
355729934
377742639
541027490
211702937
448581028
255653749
392775381
519225123
487237687
334272899
644428247
446457716
565045528
614933095
540658277
537041796
392011706
344038735
543677056
362481170
346506795
261245501
548910189
345795834
504793638
576549834
323006915
614914138
592490071
262261594
206587411
580694327
230255016
551691497
361648102
548696864
455183544
610746947
385309520
523035805
477175006
468042100
567206599
332034039
482331852
509178722
322241902
612665769
572701680
515150159
317395926
440091179
527997788
188607686
573957341
422796250
532336358
389783670
630794685
263569133
560914029
461355014
631181106
473267131
592392663
566594212
506769193
542397262
499991971
537109408
472161732
535674915
601984407
589549610
566597356
540825170
574059794
606397120
526219118
622081726
390406599
577877887
664887982
549108129
577335136
362446159
619380355
651293703
490231825
193903748
513183999
661222105
546126835
422545791
552419727
595187032
370179763
594054211
566351911
566419962
532521441
511518387
514001026
354685778
624328102
253517301
548447374
504986601
548208655
627005497
598937982
215699644
429454533
488769127
526407948
556148324
402070591
593811105
548183303
529976596
608610533
569324189
525262542
615487018
583082201
652966731
641895598
318129723
571007591
375576833
299946780
606863905
533836753
564948007
613784282
323184531
249652580
257944194
568535625
515011189
561068681
588009988
580699260
569464190
635357661
386186084
558319654
572504348
349665038
437583092
309997181
656013055
654726152
459400048
465395165
487665464
643605266
471115337
459231667
452973824
597349278
563824041
524281018
496502796
342190255
502266071
109070696
432219974
582134828
443815663
564213788
533214056
503383016
375328134
183855222
614950078
550540214
598290117
590640374
453217105
267323330
552118818
120092361
503113862
589709358
546770548
567141419
312556878
360559384
460621321
306657733
635815832
655831015
401229342
444637493
603303084
298676680
590931968
593802186
639383683
575762350
587975309
478077086
522352908
594085718
646124464
361309800
562992860
323644779
85898969
511357548
285646482
442769206
614305533
564809673
293975431
472676310
234745474
462295013
571355865
535478929
499977341
544408348
617332662
465456733
602548205
207186098
550081432
429230022
516932389
599311719
422077342
538944619
515293033
601077083
531479531
519233928
601566871
344366053
316213926
408652297
626294022
499559720
607630515
631778485
612714449
575092421
581119498
461274527
581786729
565966162
236668947
271465233
276681306
242362047
551817481
629902361
571515915
455996978
606066405
436103792
464470216
340604836
523566824
134174496
573114734
485391710
603543840
263963565
475653799
179564442
327997116
177439630
496586856
418965207
586454781
462723561
326119365
378273478
432035708
571594947
588930765
397361772
356014683
536285832
415872779
650765219
602826444
456586122
616922910
137426038
247531513
389076314
546635291
344509373
320944406
570971874
239278081
254820949
411950354
521956101
285410251
542103638
368986922
623072390
622762025
552454113
351400465
490023820
377770633
412854896
562883128
547173471
421796349
446271560
547975816
11452890
612553667
566768928
487562201
629635808
613353929
517849835
417438414
482329433
269156212
553973924
447969233
430813101
569615093
598104354
476356238
469829344
545830686
644188789
509087356
310392137
613937973
651130481
238281497
405902915
571631689
488909001
574925572
483389247
535748999
468259035
509482635
560936924
449853170
591424725
551700176
285121637
618682671
475311433
642738183
448614918
587657127
540152391
244701924
490952021
524305117
602556429
457530911
492891790
648081109
551914102
552054294
531943634
495576000
451996102
559546976
528626670
575031057
413258795
531733768
331321111
590860582
618483156
419702165
561236612
633707734
524953604
238438039
305742634
234114125
576151685
550542104
606361239
596645430
619358802
504296438
567401697
527321763
226984327
626198017
447202219
541123122
310618959
596648756
488686185
532195637
176413881
333920610
468420774
588532881
381458591
434227411
489982998
626902047
371527505
533934571
553763554
582201367
430629106
312671484
185430952
609713157
592086595
436819577
301023863
495938748
529901154
597374910
225526108
536050684
604050604
491028947
299729787
537575870
174265989
502405333
530427871
286329814
632799987
194327858
311707772
586439549
508517390
215685792
436252240
539527553
645634246
514354286
369023792
342236665
372704351
410287562
443779402
635463684
230252282
508435393
543270095
624077027
524186194
503740348
602506792
313789284
395445915
639638191
309533226
347034214
514095217
269186352
617029651
406556726
511589035
589770478
562838932
513624157
211651246
177445151
507400119
422908529
562278922
607358485
426699156
503599508
565553504
177486735
577432235
453125186
456220228
532888952
564125464
582445588
491668906
590960924
411074964
573318053
165110637
562858890
574328771
618105610
632120294
546026794
308352366
518886619
561096495
614888037
534436274
555938062
388060694
492923931
451366767
568841410
556119460
587007897
539361701
323687283
255291179
253039014
561535760
617906865
331837171
614105296
401036131
466842488
547380221
565726386
585848947
332208965
532581603
594682679
606281345
531763373
320905341
630807029
488613310
245398752
533211655
615917349
549269214
356263492
441689997
553653516
206955168
472916531
291591729
466819133
507284764
550730397
649904259
524297578
560539223
567377718
248755455
364224583
586318161
537356830
302304295
588514382
629395741
611017664
536898262
599233652
253334796
584181258
446223310
576764550
511952008
626163647
453152410
623972170
655791668
488010437
456583489
525261350
472449037
266567787
618881459
319217978
350741042
592231764
257475648
460998583
255946133
330773741
680786949
573304938
340261928
270872960
248955890
526040357
380578986
497710663
258792066
428724186
465970489
598611150
494630480
552260250
380844061
379983307
465165372
563553170
569644397
500237490
529174771
538959923
566008850
535115675
510210478
522270951
485173869
507247072
341993196
613025144
398390620
612729668
637935945
599683104
534981381
509507224
601945385
638755975
541986632
203224432
520538499
333666644
599707999
10575239
619209276
658205452
379739860
576108598
272178781
644343822
631705604
318888398
659204799
589086816
494822234
637557434
480787767
488399208
676115387
620054306
669448856
245643294
492877476
546346428
403520028
588680919
595374261
618549696
569466947
310224319
603415991
203600466
555087217
277559514
642056156
566020273
638684155
232388772
571289810
648462837
506663982
328307198
483550165
549084901
481332462
509533600
355039089
302311019
538468126
388881835
629783185
609620756
584921344
593097096
200155074
583853407
616870268
417368532
526021833
322136103
432927509
643022932
495519088
555492877
609823492
563739572
528256650
591636167
594678787
541930768
522960674
534061868
240974903
298697680
344783871
638184406
520762079
565279270
645375507
614214927
547750019
548966754
611690334
396227251
518964871
591544820
613044885
382769865
609716583
601847912
212748769
651204434
565780626
404400285
555025785
597372382
465342835
271355310
174213998
597319070
272074932
618319645
578394305
183370807
623812741
503927365
557662902
410486365
521324446
582247976
468975777
581908171
600680488
297885649
625078835
542260109
574909961
363424897
404403631
531808501
590537079
471184799
