867310985
794887173
769304697
16387900
636029923
694449137
744550853
1118912926
797362027
82099948
464821525
738237091
728468996
530967907
796938033
597511228
192447064
162436130
1097041954
821961876
1110198162
514222192
203171002
484164044
603359132
387082093
288561089
1050667665
696123918
755582495
1116022399
1092655221
692746694
104114851
588058763
568211132
629832767
309514104
248540637
227369324
479836367
462883572
532605613
1085754580
708027816
749881148
535250852
577445116
473925310
1100547767
1101096260
226963711
383781434
637379264
547819192
379862541
717173905
246924984
377389722
552774665
522366469
464990968
419128512
396034187
596791221
356099629
556757754
192825193
1107468103
1057780425
339280403
531121603
275761180
536421398
706366041
515814105
741396620
852725626
537584038
1058544342
91234886
14132130
1033879829
1095738796
738445123
1021549189
135840281
403966594
890284704
663216373
383925332
599340491
672710155
657728366
1022234178
1090520505
710778914
757540165
740195192
411194271
591468834
607469367
882140244
670007579
1075454673
270973149
35842077
625051581
157933475
486135429
866143865
243400269
1119698633
605786023
218942174
582210180
720722141
851380859
845199698
683437967
691789599
144613613
424735931
483769912
427601599
310621691
697750234
574175984
1104537896
1074204577
1106726291
238821982
762086991
537673573
1107192765
158537341
662241797
1119000335
895752383
663495319
1110999854
523623525
247808503
526235970
370750062
525081581
635014727
483296273
1095151541
607763970
629699583
523575188
1027878085
631492933
237857993
337615205
1097876843
793844296
381514511
337008296
1092949290
542136436
208760008
807801683
521661153
659759458
495558282
645125513
402709294
463879139
748168412
849142653
1095740085
623312979
728589527
653617867
347822907
634305339
622265626
849051177
579215638
452252953
651171916
529892943
591069959
582674376
136376329
507557192
421880181
311086946
459098827
1076590090
32042268
579072905
681239663
544645188
554165421
567585341
1045997917
1117954987
563814130
277292560
786478529
763878832
700635846
536226115
184342146
896016074
677956008
1087402803
577312661
815183147
486657551
614563653
527226524
878991566
367668816
584245272
811186759
1116644911
750608668
850614486
34449657
242192072
739046707
646957794
237543783
608423919
233413012
610233331
1051201984
403960594
799157793
1111165324
390711617
337279123
290750493
554147438
888971475
498445416
282047698
698399237
624028579
584576505
1044172159
213305431
367327064
741171417
639431812
502715484
619602628
688443167
367899028
689329309
539650156
635886323
616265340
524685969
818984190
829250759
155432071
623607518
461826419
568865571
401320364
1119330092
574893086
782375527
107250751
432581138
626040121
719118760
672836107
185162664
645832448
1117455417
581654422
740642762
441176582
756037835
451453964
835781889
1058681290
786900457
465113450
183376818
1111192484
622552111
137863193
412173308
894375128
714818573
529130774
401017715
1070339266
392925294
31799224
1081863092
862334316
756783447
868740593
287296613
625087467
880480706
1073716897
1046025146
749018190
1099282032
1029969053
438203176
709343697
347798563
605701361
83085899
5069639
790364561
679119448
623781507
1119196381
489174825
583510162
1039382343
774030217
821579216
229605976
618733622
802968463
173388266
