783353224
678532356
623617919
618204319
579072905
58721906
676831164
1096558685
211570391
653184805
415846820
405257978
469152613
587515679
235082248
1085952477
436988675
887987693
793749856
719118760
386577642
732717287
102844442
755789366
331133145
1069240690
288784118
617098196
658957431
1077099299
1110360780
443007766
414503297
1051701354
1033879829
1108785778
338863567
420363844
1089814068
584497184
624816818
137696096
537341234
445774711
613066758
160462335
748268225
577831909
370903756
548597259
741006314
847900601
382726509
643515856
582665163
545980737
632267742
1102343689
422051963
866075762
643182956
744818697
516434985
403966594
1060708374
672710155
616549335
732952913
625051581
682606708
569631756
521869954
538758326
347504919
774053927
674293535
870537353
166041113
62140049
322697567
267374252
1101181363
586183175
884353388
683056914
230598583
1084757971
753650696
448446751
631609791
891078930
804931066
624456880
1073778626
488926219
696871909
462883572
736756812
347424759
840462103
753124556
555801330
851380859
570290252
483769912
427601599
605325183
406560249
574175984
615895663
443158382
670557845
1081886542
895752383
663495319
1110999854
104948137
523623525
1042656232
154035935
202334060
1119421230
150887142
799812418
137611398
755493327
861949196
559622271
1106412632
475688434
529746026
1039947218
846818890
101439142
267415644
550519607
447306823
532556714
221993059
754238590
880480706
768716266
581896921
849422880
1095768135
306025255
631492933
799529734
1074033884
551552382
793844296
623312979
231503490
875774506
587612019
862334316
152699370
712019443
563695782
689872484
477145325
1051201984
553289523
739585816
609075955
738056224
1092447668
227873685
1024045267
534140216
663340496
791885222
306831281
558937953
621366726
740636928
630981605
524006682
649576898
1104072066
317068750
803912539
877283679
464139858
664086396
610233331
1063434790
738066535
635886323
569754113
35890436
436893354
347805410
709343697
501028838
816760010
1086545490
623781507
139547054
1102005135
135515969
467132247
523594266
636991549
201606911
319873576
447818074
646957794
218824819
1101222119
5323419
601584045
802042465
1109710367
662683789
228848052
61098260
228520871
863901454
1102462120
276153139
60161028
508151196
574132939
298813779
1119276187
621677854
162436130
282466107
671330695
682186890
325661756
114259047
1116199219
680998623
528309912
1110087506
1045467060
791175890
697853287
795894125
879184461
461515773
317975398
510393786
650135554
689884125
656852857
301806757
815162360
203636193
513968256
221159478
296787894
382179716
657728366
546285399
781575822
124539507
225193175
1116084139
829455516
1051831291
246236886
849142653
269456949
603974495
239467007
552689954
1069094735
570881709
1073688001
697935495
448300469
565527152
1056638769
1083419337
553799760
617974287
1102099698
1056046375
613354008
146086253
1032876302
607660395
433381039
590706208
561089758
1068498328
1114138524
769148962
819835324
589805729
568283944
395566695
1080722235
1025368167
659759458
409415952
224180687
452252953
793256305
530030178
703355035
68486015
804124996
871320178
628514820
258978831
1110314467
643362886
749018190
554235640
267023376
472730770
646809546
256193452
293183979
141055874
575186905
508067575
600853222
782165564
855154264
331311745
610247537
751180883
681600863
228674844
1116547467
1114924282
697182543
104865564
456803168
1119058494
1091799021
512081343
289276
540424606
786664851
883831964
751143134
1027642245
715201786
748718761
769185562
292444140
1091522521
678732584
530038022
762051272
1069490172
650889318
1045416622
43751761
680950622
755582495
1097911607
601375585
1074821924
515813104
322920742
752768146
1108412777
1113028560
575239591
628694103
637379264
1043439484
803054465
650454033
477668127
874254961
268870394
1078708398
187611692
333331255
1023600029
845546593
614481669
262665577
784871894
584989079
613177899
831246939
850731876
1070467616
559064016
362063578
189213932
738421655
547026686
829198706
760046717
533311822
1046310781
822027490
1114222970
688533396
505661538
828486930
1105609348
342734681
683743114
141892655
608020825
506714670
247899709
591210032
299689928
315078764
1109109497
308673562
1075236957
1106064877
749584593
313860559
791348227
805354816
128163357
146484205
66335863
854785580
559496780
357436189
776023372
658966957
451338791
130289732
856818553
488778068
293342784
575043397
715501647
616579759
714738694
30421899
879717373
731344301
432673965
378190882
311472514
688812520
248035787
189106283
586520561
784335263
782681649
489426710
878781432
873669583
587760109
604441358
447835099
184533011
334745191
218885515
1019005755
813605123
504333872
547762806
392487282
1110126106
88489107
28894242
380512211
627711316
1111198804
614611173
385769480
717172229
274732475
1061647793
145989124
598457643
538592735
502782156
85555028
1076617227
568639178
1425533
816588432
457725452
342685206
382823837
1033875629
1096766722
549784867
1112728644
656331475
1108450767
491665451
464034249
843468998
257552474
699445615
375076165
1072033728
784677027
751244088
222000416
167320173
788146258
753638867
587941397
102592331
630309611
861327336
580956845
568679452
60791078
580783988
1025689550
312425679
454963979
838682067
605845620
555973140
1080752862
546233584
650633553
867178033
5058316
1092382306
1085815661
708924245
879344355
307488718
1117662965
786693001
1086665080
1042108976
853253505
744272483
623390971
1118006576
643726778
333761170
227619185
584789443
486311847
1098928323
845585224
865623279
1071607636
621917507
805368703
592811653
1019904948
696382391
569481422
1110299545
1080116427
501036950
1102312810
639730829
612631111
1110349742
819069449
886180265
766019288
586601721
1043390363
687178476
177321479
1099177084
666149161
377881783
757476767
834570108
564431069
166013563
375074956
135089660
1053892509
540829348
862310451
216288674
669007082
1089087166
211428715
712610828
1043519039
864527994
749825827
851302736
53762607
336078705
182351211
891487397
258884088
576861084
649858870
824316050
522597688
511475766
630740393
454801923
5757248
729489816
1043776539
592581858
515653847
285629764
1083619887
369597061
853621773
470638443
203171002
140398171
515159334
460993147
788324356
857017564
774113697
602858303
797526128
873533178
484164044
592052813
866281592
852946817
1108314975
1057930204
780095636
570033545
1101021760
721671225
482397644
283919590
437203887
440485272
680836780
535220367
511936958
497451017
555921528
563920388
660067742
542062226
645619753
624585354
646182092
544579553
314486985
433290459
274634503
515843554
660988958
514211526
280108808
582985887
549567008
402312336
612969450
505626472
480330569
521008211
355244199
506278417
271116448
416792456
478921094
556534093
620331363
674878326
519045312
570999665
391184398
318787898
367208184
509094452
460421914
556695355
384804421
438239914
638157857
388192524
677214055
477013357
494839684
513687034
502544495
468755135
561526408
561980412
544351148
365551620
589605590
521655870
630136500
426641867
535948262
580989153
296789592
511979247
236006461
460145769
523263400
474269894
473725994
558131242
666253655
534995396
571128015
516815658
449460298
388922388
510546816
667163469
386293153
463613757
436170022
675669805
393376277
563657379
509979148
531949655
297022534
535940083
292619533
417950778
535734400
560688662
420861534
496699210
404530842
533498795
526875447
228763797
472785919
492614490
559119701
547605099
313733424
389659664
264257791
353424367
594032133
518393441
580579391
438025039
539795651
262426623
506466855
383515767
252918092
573120968
558241541
361098740
246737997
674391248
673088019
505001563
377947745
560604475
221033693
598559344
505680977
520218413
547718325
499593979
544249253
453849647
565765388
645356575
567105844
341972751
382983654
638242700
513846186
669638641
556839715
581467231
211982070
133316722
440236243
521142591
509402236
529289651
546375863
561277029
580887578
567557195
612481359
485617584
477736008
577916827
630484003
337018033
608262472
304169888
393401352
613497637
474706418
357732699
436356026
575399757
280741028
441968653
474888703
606965756
547544489
552945790
394560047
406260532
660511091
496458525
542063563
609823492
476139182
544235505
581045170
504310418
584826356
284970351
408891240
604235471
570431054
467924792
471407930
515695884
643526536
394435960
578166599
456870818
449352245
477497052
535757295
560905816
287635096
295889841
616316415
562964014
416518033
346980574
589884188
262805139
570511459
441334318
329282188
530446904
488809315
549239712
657820223
537074728
649010738
617051036
283882568
582197900
527883429
260617455
274587218
503065485
667509204
174898156
589771731
465341275
533700128
494753236
545840461
485427285
539777397
503094801
616623024
282983237
515158167
546928369
594759602
463245013
369809123
400224945
576722631
564978971
531938858
366854321
551971995
563837659
425645520
308980132
377386581
600245186
435674342
331282780
556459604
597623864
433569706
564246153
345436759
413673057
327257608
531974437
459066923
388366957
561398826
640847500
254028833
641007572
320576937
184527770
371461482
388470492
466812462
96386906
489379993
590468748
535360304
620011115
564365579
531138495
592186989
567984802
564188477
389539205
639814637
569212616
402217891
446128197
243030758
508457840
565805764
551068361
566220294
395344899
580404571
290317184
561546452
506951220
515819296
554403201
325110011
594535420
244575563
541121646
223931769
561724689
376441582
560873184
575645996
415021703
344590011
525861220
282531857
544133550
629386080
497696467
329755173
239244886
525740034
526860192
481842857
430344745
498988549
571688668
516460192
641051655
478761298
521925614
604138647
485171780
613229160
494144758
286855080
404236038
538105754
445035017
621080815
565431012
579459255
499991971
313663535
583474486
274456085
528933621
516198589
566617126
592780025
533021386
467439747
542537417
374099475
412079845
489900817
551141804
392536932
509576366
571188523
540406860
629076370
534439433
467910917
412097703
362450829
567267282
537102571
492390544
398307217
576924184
541789981
431140825
549127437
389824321
571528078
488210717
400823725
364056328
555839728
539861260
177133319
570965482
370475710
445033218
482338975
325977332
517742524
205279676
531238677
588060964
547744096
656944903
474416880
553295186
657529782
597208601
557810708
172310103
498775847
546236265
574094538
590646359
439638430
569062509
529376629
298356972
332301195
180253460
492488855
592567574
581600146
404323225
526616058
600698105
505700489
550509012
591484851
344573921
630062596
570159147
579243476
539633008
531735893
302882658
353187189
505244215
394411173
585834319
566886379
563195884
531090726
457910766
544474527
492406822
321752862
151637177
626851301
426741529
484634546
533958144
577878393
177258240
359987796
461913136
539505805
281951796
479518184
555077431
372932834
664440251
465430305
346540933
610746947
561197596
472619150
537101548
515900250
585483701
487838025
465990790
391349044
486493914
546121544
409283854
169838556
417592621
447185216
315169237
315575821
293372545
543551138
562833994
647278436
484096254
474939786
538284985
221887195
274213420
552196768
564643563
559042215
573969255
556106043
544205128
555951074
456505295
323869289
494195553
553286607
519701537
552024051
576873494
563975038
501214833
516856674
538589088
518600300
252503420
277827294
321762992
582075125
503174795
317057952
434995283
567186440
552026544
235318469
233075910
302437406
530349096
210155275
266095996
523899510
507000981
565835450
570607260
262723839
361025572
406154108
561161082
330993247
278538227
527941408
393928629
512617057
474849476
566492261
604214314
423560201
397707989
476889624
563656658
551804809
443543214
538863911
576493135
581892870
459208832
530525932
376356320
553754455
416624531
483177845
468392712
554884949
533957080
566025356
493811739
469506086
172111733
448128263
319594024
573378670
529691836
374050744
347252160
582775828
513360110
510181644
537161954
645984415
247848648
467614504
416071740
583202806
232386540
220510075
188603744
606959859
505113244
560479849
533274468
482119132
313173855
596151351
573668892
457544999
560826437
485826032
532510008
525391417
567269212
498083536
531387825
592394326
563409484
664358481
539826423
347731252
455376123
591231286
589890844
524327460
350039250
569609886
566307021
512544414
488878394
547624231
582372302
651925031
439230031
333895228
509621332
305216655
417787799
556342883
533620971
551334199
606728612
445783419
475566091
534049367
259650996
544761281
489876523
418724638
371434048
636004696
540378557
238111457
387278593
368887355
555699378
442875723
475339478
647285029
574776400
446320215
578326591
639695916
332297953
524325065
518559335
411482142
562199068
325112357
428132958
543467849
545889251
389287912
371167702
541215356
566878498
423053879
509454069
649782651
381449502
589362749
601283863
392937215
370235889
530706017
502332853
327666456
603831649
572437407
407030379
501615051
569252436
216740934
533124519
612192088
465032284
566880943
499358125
549854388
569223136
580955014
503636088
606522881
362450107
536947961
491390192
658286968
68863955
552160496
529348500
454529980
378699684
218565150
502062259
338072157
233886466
559409324
534095341
515048940
299898408
433640745
530613945
668782928
523129758
557263644
530756484
354254864
166298921
492914436
458387438
486279657
551891331
163679040
354870700
594499659
561871282
228387676
562700822
550664375
549496232
640128363
577992135
485276703
427464571
466852042
469813641
362774623
279494383
301470875
236575680
461967411
576728456
544941332
564548924
391213576
571973271
366642262
532627646
502283946
520062267
441194113
407248378
549774410
619276545
463078446
474300340
484879509
455116319
365350129
352809043
545006825
391395345
525853265
163344393
500403806
372359367
540109773
547752230
534853311
308734447
461226119
541716109
484563784
597104895
329542374
650905786
236886187
540096041
650370846
412800671
590765051
441797053
627288729
307733682
349482794
323417265
357503946
469820884
527437996
444554991
583663315
497493879
316785314
431460922
564699694
509769655
553902614
342065137
593118936
405555685
545861597
605502680
573236008
653941419
397904167
245295783
222198983
472624185
338048871
197362075
249894908
503636794
570389344
633061183
609555406
142933476
499587080
616564503
561875678
419487940
598057123
395961411
614175679
614753276
297073665
558793242
269109801
279330575
489522210
519253127
528968533
536303044
620878652
354706930
319152228
495590925
312775497
564107675
567931100
452541624
386281101
372754445
571279940
153083528
268024765
546349347
513957069
519747416
330008086
241882949
533121368
654212713
571845739
564157146
323280000
584472143
427855828
660326401
533501967
480555138
404140303
307365265
568170761
473764859
510124280
580137617
604713880
546253773
354420505
493010131
534725139
390031970
598950856
623130869
542377691
543898300
377114598
361936216
341084422
527980111
364570174
218807530
523510102
550059015
96745044
454532279
634220968
636173535
426704435
654960782
454540499
464385648
576850549
521442196
643728507
536838778
433360961
607866762
492071304
410703628
505225663
286873930
417407434
394140301
482919572
523056232
483282759
517901110
495349103
477264696
469812477
534305954
518013258
353504461
546581623
443996813
346194657
525777418
524254191
283801261
657161062
435287667
382646933
539854937
530378647
523522216
436051487
472385784
344338466
444426128
650169024
550082692
484749718
572573103
418160341
537364074
322229721
470237509
598476409
246017008
533698254
647984325
485492167
529029944
453583303
528561585
472743581
629910353
571269533
578405225
455186083
575226142
417557041
348841806
607640748
508001071
394246705
605183674
572869661
440721846
576294440
272685204
351529361
205188703
512091800
357089740
394567587
357307165
221288675
477869413
176441943
560052099
419742052
576637408
586663732
410058564
262938754
372978841
342895187
399695375
587784071
267741796
236184222
527797628
547836832
590597480
300941483
194189789
525942683
335433969
417773678
376228216
514366388
484998994
327666485
587844362
605629712
539806530
427631040
613656062
588250200
615144443
315432536
451710687
372034353
640411291
529624761
360971137
245373765
322721581
473554549
643133880
255994652
368993216
449337159
407437463
374217816
169246864
356993381
512714376
547359007
564806520
396938839
507796773
392530291
504095693
257934246
278918817
376210308
449855970
436437169
510626483
525325635
557407922
407053637
363025656
560932575
496385868
513683645
243457640
117941476
402070382
525554774
226121284
632804610
247517157
521382465
458692871
438819335
452472537
597012362
270890194
280889505
350929457
559025279
613361396
520467090
541641131
290807715
441673508
482896040
564506513
595433247
546228639
345454073
502397544
324295875
448006598
555400656
506905667
217474420
533648251
586443122
534532486
557826809
527893176
551339510
562182751
375886579
333078189
279938147
430349764
257352485
547870616
612446922
546733627
588821484
441719784
585183564
633006965
606487808
145471129
592958661
659759497
573182435
537787873
546062725
608437333
323359175
360845592
365875053
387227601
508693407
554902209
377274940
340295747
494041874
617878156
296398733
221145120
596231465
354558283
610700091
500763649
471456356
455375668
356784728
391033265
372198747
481262146
485739962
548214124
520844558
558604941
555369438
272754538
468962971
567985950
494524420
251152663
615638430
359549443
653123696
507298330
527244190
628404494
401795676
520459249
146306282
324421533
538856642
527336329
246523159
560419473
601509615
570299894
486923993
539330581
526977495
575850530
327412028
286978813
454287607
504874711
558263534
376856132
443652288
209042120
236773223
435933749
455513299
569456038
27845584
525157424
548137700
376950648
606405480
544262418
455151505
320779254
598059372
513637594
610299602
569970132
463063652
553508537
541291787
395582101
569020046
631980055
590951323
439183634
476597283
314878454
634341152
561484130
603196844
612827280
543740031
406887776
241467451
493453272
552557311
228566467
563372969
576354435
465303093
475373687
485294414
533585774
242564490
446857835
473792673
567994751
493910539
414031083
455351564
212333161
435423158
357302201
353912016
345353057
527406027
264723140
386506119
504122360
532549252
356724079
435659437
565558912
540127570
482867247
555835582
539665706
567895977
641975111
280256723
386083011
357201102
555493745
525874202
458496029
555477959
527795868
327338872
346837270
506526785
561498275
385009023
457387639
342692838
490814884
571634791
516360973
620268170
340728617
451624167
587634157
550585484
557134785
163557065
522181551
540001741
543621174
477747533
458312889
639080551
220378663
387455776
616482367
500082890
505328919
532092841
217364062
622389868
256596994
423367723
623671757
634045828
575030005
372948177
547466036
591778931
486955452
379128846
354634776
614873311
535189919
323089659
613325708
651059401
573793323
558179371
478695029
578423697
10134041
502918241
546920824
414990158
629550815
580482963
407442608
601036153
533612433
554228877
325076782
566771761
526766262
328624021
485536673
355647930
422662589
536497159
345231463
426298237
527509400
351054361
517805676
170469852
580459112
548910078
633410547
516800965
549112511
555086107
618069498
258805816
390781041
600620892
612286342
319136261
472398183
579138746
490950114
453598615
604563037
542886679
554581622
377196929
529320423
527390752
622803922
522645653
389086894
515006688
433283481
473920576
499346859
469375178
480260665
628874198
604131111
368849008
383275223
577939144
300739236
555398390
559922047
624817868
340327895
537512204
191153258
591085478
523540689
470209238
572373911
384318917
318889193
508130195
302317808
453965042
363109104
377960734
494253140
519860684
651244434
374559064
605319336
474279711
242523158
525001948
381033654
261588678
510649989
530452554
533958680
420762641
559789515
536678349
635530922
572251569
432747966
541416654
616014461
598702948
563976374
570691798
554296100
562507705
643014958
348364351
623451296
481041653
347069733
533959138
62140329
406581186
645010941
647131795
559257041
386061492
445482906
516745395
471506343
540352322
199271326
555053708
565459976
590978375
517228688
553358742
361229067
499324480
606470759
420544514
590413672
394448489
364927415
344614905
436727941
486939642
546195279
616310998
647344127
449550850
635785207
558194955
292700288
552409126
310540620
210430106
569485064
390965855
515558268
514962663
522052983
324065447
265900175
426932134
560506573
534099708
596005050
605726369
587027802
511674249
528261145
475036532
206779405
607018446
565486622
591220134
262970449
512862185
613913630
399156692
354584008
509497859
575667540
641220019
475890602
539529260
582967977
535624996
539719339
568328783
333099407
334460623
555349836
327632882
573686770
621009874
455628499
388480822
579956765
602951249
309888170
586206244
361183807
310453090
443897179
611851615
647725720
555504019
644690076
515041398
309533226
524153188
448733260
219859434
518124109
585492453
474492006
355593695
366676611
598543469
404954056
539054135
586905797
449760430
397175802
516040981
607877832
392251473
282054423
430596493
469039639
492451210
328476679
549274404
611358798
389757093
512444932
617061947
537780542
467951053
611676326
458165717
517255946
637129359
547052712
366738731
419873468
483812018
610877446
560797969
514414467
558657876
385651324
283237706
187982182
566538500
452476150
270141453
569105379
515478649
605226327
523566710
572818787
523027771
573379792
620546484
585084914
547442940
575240042
446447722
542655374
559194567
542419754
501686465
371919968
514436034
577693295
405810494
632328713
551982885
367645759
327921271
552242247
468960391
506185654
582054552
538066830
579521441
380850149
593818892
551867961
473098158
508632134
602775665
562957625
561435055
520494903
539344941
573076955
519656360
403886264
590461861
560890672
523676494
600872359
586762145
580279829
566307341
574272435
271001976
496139794
531717482
470687168
537091520
561683481
594120244
539501845
625275332
539762784
459967979
522270951
548355393
480361533
569416683
623321704
551696650
571482043
463338408
592813731
254558866
509530636
533226048
445819519
313255063
454781069
524920943
419280839
557509887
301293614
469375008
472669767
600765837
404691535
433671546
505176720
497013020
299992014
481461517
545337676
523834136
529453867
237404791
337165591
497560725
406414816
563595111
508787496
345566570
336412328
568531585
283888493
485857835
294795571
514113718
307447191
574093434
421530390
488536282
357065074
558053780
561020733
567555153
386024870
540469085
540693152
579717039
555474282
549257551
286391607
504323436
558550982
475232860
542966600
552972359
538692106
598301737
483952858
607807161
557386453
456357430
483583577
230166747
583566648
324972247
515253665
447153040
596058915
449958032
598315626
466132276
579366206
562968210
583031806
507753410
445974575
505358763
455298788
565303243
619243024
450716591
594175524
608739108
451029693
547983919
476532609
508935270
612756646
605770990
564250119
489501237
189708135
608416179
476137712
558265481
394113500
284236195
559445923
455789702
508997193
401942214
383356721
444373882
584071646
424821303
578535413
560642753
490877732
617648110
514097187
506004965
435009994
297955210
493283858
553224738
478743519
513641453
574759273
195776420
490807666
525140785
541104081
537327034
556149555
483499352
564420229
311421650
602126990
573289068
414210140
544638116
290422068
604031354
612727339
552836782
604140825
545411989
583021743
590914347
553078117
527492803
537881474
539801783
533059559
614903861
536851853
560267048
183195602
530684928
539723261
614993500
413017982
474956217
606995893
570462272
549137675
573902412
566710486
491048368
567920751
275062925
547400034
368401381
577572803
346627769
463029045
543244338
469162182
495755431
564907363
580965293
479521219
390558099
556405611
551506520
515070942
550911334
566997359
480888519
441464100
491289657
536618440
529355543
527092052
551175723
504759872
436905390
533745022
401190626
397851073
381741744
570361316
554172370
579868298
429956040
463898132
513869698
545551070
511653537
567430265
527380967
566419358
603512257
560225308
473780368
325265284
396644854
529144271
263946191
484735812
539605814
590609448
548705692
513580521
569838882
528019702
546855994
554242569
393197880
596733864
571047003
239094662
488450164
563681874
393214695
439515160
568402561
376792848
557543319
450557275
316016818
433229020
462806217
495243816
308131268
512163356
585432706
532563175
526614860
518822167
458971750
591228064
9714050
538730946
572600312
586812445
579281977
534502251
469422301
341632228
572621160
179721456
528136681
562560739
451321395
570023077
501179330
462716766
522755758
561935332
177765396
249944900
577341626
485563576
563108403
561478896
564918117
559198756
386593450
568912785
541287229
550455869
472445710
503888899
528081779
367892818
553361282
228241299
439569004
526926252
442356449
448777066
568092443
338715110
450493346
496668630
500040454
401475906
474969112
405045190
555238260
579021351
566541849
313512591
313828588
526703221
451529248
338963060
442093993
475740920
396443187
544122740
529096200
550048304
544564660
332284909
572297492
557170268
545671401
505523134
516671684
508090980
573718378
381616242
511630275
531118310
570504791
480465268
579714682
532658197
559698394
491062547
565320244
560913580
549116457
311172549
434765217
517346070
268288366
550344383
356853173
490172061
506414890
546652044
573914225
357859751
573363327
583556225
586951117
436768340
533059886
548694746
498245323
519529540
576357355
460695224
569625428
495375285
588015078
365011739
460478226
572855020
570349065
560814051
363506552
565303315
226212705
126767543
560644472
409072122
517159496
374045658
579211331
482119262
512174531
405107864
576867447
535312698
564612027
511593597
542448357
419910627
378612983
482251608
575918905
577905204
566030436
389106351
513943370
386267390
583009120
477844215
542260559
451891864
530126941
535787115
560249855
582187890
491859134
564978864
531572601
546242982
472116074
560757433
424157018
199741083
521246187
307124464
545416640
551711336
417356455
178300157
522836788
551165902
521427702
368037711
459302084
584434263
485524027
205233427
460802472
560804791
521710164
561680286
561855410
447599702
505458679
498224871
534437342
504013458
571987948
311789602
363076749
359625222
420013719
502623370
572293113
525670337
462383386
415831196
549957621
468531863
530008503
571131272
508794193
406195939
488743331
558544095
504553439
567796400
512153117
523956887
571976976
411136976
249048857
565092272
507337721
487908260
575164635
218248344
531646420
506265558
446420774
560307614
510185418
574929316
557949203
508522425
577371331
513812296
243779243
452390122
526203871
465792020
518829211
307268258
569410555
540852322
532055193
561706320
540809210
529679444
424777832
504658586
571349897
579531652
578159792
523215108
397611897
285052133
544470624
566165491
549634535
466480515
530535043
268690440
563399821
562337768
501007623
519916862
524261263
523689309
489684424
26839663
161067598
560546960
550379229
542087610
410017874
561063227
448009978
576531490
422103493
531629647
563340417
409110716
545539055
486216948
578531642
457723824
529530567
392176621
524778427
561996452
513086949
567827821
354120716
338934099
484136201
575919972
553870635
492142278
549801720
530040158
558279988
540881072
524155930
474602794
382437441
551389355
522535127
383865317
555389097
295816324
372484653
511711896
403548593
556700132
566878997
574862144
568867885
511992836
