153085407
664055695
629595731
340225612
152215832
306318529
596032962
484164044
203171002
186162932
153058802
460993147
531915926
589979458
334294576
561536258
218736880
613327170
574335173
441763694
418680336
438522226
629669971
626423740
559134501
804173249
684492480
474141509
404635037
506239688
660809650
1104176568
236479289
399135938
534872169
609333398
408447550
882499367
568866486
1066600027
504467257
482119132
1107850564
1081892993
277724878
580004568
368674142
590562224
800351539
887805306
200665317
281081003
566419550
560650650
1085944864
417983330
81090614
140655590
584264073
599372477
