239798064
291657880
617246932
247412059
658598488
486276652
372685136
696585850
136486614
1117933851
397002638
320290896
543048881
767947845
234245749
567820208
442142723
716395045
540211411
363373325
205591978
481293121
345623987
362477795
563463910
265875665
551063915
542856077
378920034
855740335
377018268
783285697
583184004
633616492
10143103
1120451456
162071580
688335151
654564623
347420275
270838806
545965019
692297257
1113116437
52156128
683064084
138650026
841134181
432670766
4018014
505157442
490896678
5261859
2663719
474471814
579412212
86842471
287172957
223906404
538139134
156204289
330284110
206084478
642999381
138588673
443214968
577924774
1070371912
63503096
523103742
1040460872
569429119
487504085
1049924605
816352203
226412211
532084210
338844434
449187014
283642806
463595714
244496336
315894723
487703398
743830227
43791626
574771492
550107801
466928183
463827480
775201803
679125200
315249008
513795460
570747748
122050392
577134110
235398074
20221067
1073061250
267566610
148360971
677068367
623337178
442785957
856828356
374590131
509740039
1117597760
488717637
1116647127
836011079
5716131
67433710
622502468
46546454
289359273
201552577
85668230
32261941
578346451
611987086
268609952
482277938
356088725
576663114
833826366
498963804
417590210
255100898
1104263356
619064385
529218468
674830015
303714557
168173877
394503920
205386061
1092245030
745532409
337143288
237280062
133982151
1120218511
1098834010
424448259
31235176
587626989
591090809
425295688
591752801
132319535
35877188
779483889
409695354
620250660
283046637
153915754
46030732
867318724
185236607
1085113567
520945422
269063841
220565888
184277886
497211496
891581161
574229806
696010502
794839779
434150089
304247340
816571151
204764018
210600489
454241478
257045529
284160414
737435447
755635017
604526350
850883688
208895700
629026508
627456620
271734019
635960181
893269995
525002275
260203032
768097050
17571587
144444267
6872223
622922398
1106353226
276970862
587187318
704799518
683364287
843775762
1102608397
456969130
751253660
1048927286
349660066
1120660817
484445133
458024161
551527106
597403938
163269339
72849272
487787001
132997252
287237811
152564189
300895003
316391609
577495047
29300449
428414593
388327102
583946344
1111429385
168422045
563613644
451637087
19805383
439785364
824376386
632415998
1056515671
1021676448
1105348447
775574855
1064714450
595833917
6916172
1057066984
759085094
239357106
521725514
489521186
286606226
469714425
486438934
755211687
534883764
46031169
715760825
527360684
784358214
868746317
524197969
188965633
79507220
511503731
605424204
671798592
409489013
261809725
477529014
207679525
372803391
634182677
76434884
486384666
36610263
734795505
331344036
533528839
1055630782
520798816
271980851
116868903
638285117
593701566
595473957
307580813
550399980
534101579
186853860
760039135
797524225
367927857
1120408717
666619778
484164044
203171002
879792183
568887565
532595062
27074102
620285953
1096297338
1022127637
21570009
431191621
1056086224
582454022
397548820
227146887
219434468
650597692
665399548
709096737
364616261
16347449
533820550
645743956
592681192
16413498
5717160
12211640
74374572
148879427
24340094
686113259
448718065
675432470
138865031
182574835
83291188
734810594
4022731
575760469
881423932
506916788
502457411
76464646
96452532
1019381482
347119870
401909261
858795794
650014724
492013342
751652820
263029750
464584491
57381366
599464541
70936955
427021021
169094909
679170806
19683318
429890907
885933260
333185291
509693063
501280300
272516401
411062242
435749563
343151746
281921850
143489932
696359707
89414412
272523658
559182119
552688889
623879164
217872806
21405695
542557285
377544375
511493130
557735965
185769054
434433380
555416892
503748844
91442876
214179490
789691683
825716121
2326081
469793159
544778649
513324427
600123026
404359953
1118149962
143490898
827140033
88749260
60370939
509166888
554265319
329283566
417752991
13322583
121916739
1099147708
717593606
463890332
1082559373
188859705
460301970
242614485
181679679
319664831
472775424
794257106
570550926
575093470
153043403
753821262
658967175
637820559
162738172
221558920
576993790
136117846
868434630
1063896550
446609880
221983792
882016507
795660802
605122317
698997454
477328907
144953
252630219
165272214
132191123
437806816
567658512
757912549
232024899
305326016
608086344
186973500
341608841
1060145383
774376361
175630187
839232029
3590189
471402803
771879030
513539502
406230619
254865926
333280599
687463497
1105122870
93312458
234915384
566123888
573342528
1065803053
152545621
31248057
244719330
3043040
734015263
328606526
89607537
522764535
1108731027
484874933
327035983
377847079
288680328
168894667
572852792
1023445408
502742299
661911476
634465544
132671061
447848686
1096923348
138617753
526581726
142539195
687499767
259217483
1041494853
498132676
553115478
594833902
305235391
629832767
2989608
1119034476
537690156
368186651
30509221
318393773
450849048
497303303
430251491
236646898
196847522
753731166
791634575
252890203
743765604
589138731
367846887
537743415
591475131
603390437
855854764
602183435
270922150
326594259
877703713
1106018527
76040933
537938011
1029510954
299756441
599483277
714462977
287815152
173530328
635863936
402644682
1120220287
564490531
438605534
828100430
136314052
1059511977
247554814
270107130
138283418
589436131
618698058
232237469
439206312
640167293
378455824
867414694
620176837
1111964392
786734908
542590778
619368999
554068159
193207556
62388966
478470567
149947494
132961012
1100770987
855174325
248059233
284490492
125930409
685785463
633630637
141005379
1096474145
617124985
562362890
689857960
233666985
739421477
1087350268
159384547
580877587
1048674918
1079171042
808261828
355049383
735502291
167213486
166143087
1071429145
575742031
175646602
684038741
465927559
836554708
389469073
677488869
1120174034
138233379
742668805
364940597
1116620192
866907890
496171456
425158395
816764682
851745461
672979138
858090877
419438846
615865271
858403656
622716813
802108989
751851964
352691434
346818674
1120148209
365351502
537665029
605137630
458693149
1113772409
607197252
616099488
154900543
621515235
743799587
789841357
577575395
116661235
220139293
782702754
118560143
391223375
703250938
555825951
1107303640
701259628
629763919
658314784
404941751
881766558
642037593
948501213
544021414
1099252081
437711346
1064525239
209779141
392976456
1031996963
881512199
601760364
841640294
736805006
477990828
733171391
471173638
200478848
877990955
248274662
690899496
1114796787
288777722
776158156
1094766311
1077875293
1081122073
775140707
714335796
612444891
559519075
661606557
463788583
490484421
680438214
200000680699
842322578
382616443
323554084
469322731
277768708
452272872
720279978
570894513
672206273
572605361
638531131
530959925
872556511
620891645
508012776
552514856
647815656
304332270
643886098
822338038
521148990
537482189
561947518
738237091
603580572
600969449
480302271
634401178
599328520
59171818
605786023
720722141
551739062
525081581
748168412
587912124
677956008
1111165324
132898821
173342135
1117455417
1058681290
867804433
1070339266
496753894
59256784
230468793
1120317326
738005313
825199897
209841432
561319773
1065118103
252758215
519500258
713104072
816777921
608231951
650090714
615588850
541966177
1048166585
392553404
626572215
278382435
141131135
688737400
440588672
318310415
200000729641
826048037
572573568
174657148
512455126
5317582
374572911
633714980
618720486
1083452844
273511087
202106387
472734128
85794355
650340695
547355106
551928034
543190202
173982974
1091217331
582786490
200000674911
613460104
794125372
342942845
579081670
135995491
511200861
434160325
535975861
599654793
18325563
233162382
1112607377
1093408180
526734067
870285445
567400005
547137507
473457895
718074525
176224635
377848619
200000568718
542524880
1082451405
526207765
804111822
1113750987
1071669988
525931
1026440360
