1070054396
36529969
528604423
1113402957
34169024
559450026
569066374
1096084319
1078405405
487488105
745458736
743102120
490670038
854645251
522247779
826103961
1023658673
589620627
353305470
809104648
542595800
315915085
622758739
1085719770
783106779
564739438
1082724965
492364671
873216871
276032911
719647501
533036429
783563040
422071963
802702612
866130064
1070916927
44193603
437135686
308882553
380315957
749825827
454937308
561707715
692532790
1093427276
674314870
460104240
500726644
1081399326
682078989
781968288
744724193
559361528
277670717
651186304
919812789
577814039
497471424
469263519
559023997
484164044
639908672
853139760
569158997
582034105
429851809
612025670
161625055
579146687
731827960
408188109
461094865
776517574
1105949527
584063467
572273677
1083357942
452879816
338518993
521072081
669794309
1089496597
439412853
707530693
732449126
1101396851
422845796
605408454
641309351
454656087
466279593
199744707
562283445
231536407
740616590
754091160
1107588581
412096925
581405495
524514897
734172508
1108925868
1042720616
563943052
544094010
491226999
1040135006
300251959
759576283
697835146
170367964
759284578
688533396
817064852
522602540
708446897
661058648
497825718
1097136617
608187731
663672755
496643433
652340350
857907679
298094052
574863671
576677130
719799955
794203360
539872750
524899974
520223527
692813833
316287269
79135815
489547950
432720573
819121865
722866321
699907104
676514668
672325788
495044672
102632435
427992836
704082440
361221699
1116020228
523691074
681545359
523594013
275681587
412864902
653063796
479703711
842864290
864929465
425065014
740994324
450952229
1026248575
539212912
1078676139
778464718
599078780
780180577
893424033
578973402
425563101
93569686
437665618
261789130
265225337
1023415779
893487492
510482029
1082778032
784871894
662575464
271474444
882932332
812560752
1030317857
156027476
167887490
324867093
1027515870
835390043
555014194
516614444
484541801
581312582
580891743
508550893
301197985
240166707
503828465
615158347
488831770
523810490
290058907
584659576
804124996
285629764
1043776539
566312380
729414598
592915729
201450982
326088405
821133652
534255938
358082259
849908280
663661164
703169844
660544357
432337995
265520827
411099029
205180517
615335255
662394769
709991382
1073952006
309969060
1030039261
280583919
706790737
242420190
848972390
637226931
487463220
677311244
608884451
392008487
133926997
614584730
340474861
878464100
643715665
675754854
1083433768
690272821
863820844
538591315
715201786
330686800
792774650
570128131
741449951
522211999
269065735
1040799763
843299708
819069449
599547711
721275227
880205346
1105002940
533061948
340225612
653938507
350469374
181153103
662435509
635153118
269622554
559975394
204488371
227021935
592754101
630309611
805126341
246399228
664191852
1103215533
856036958
527451048
533953362
512309162
672160968
482119132
1027332554
805627153
326085255
280563863
812073219
333058059
1083619887
253759819
592207792
374613863
508902938
684381812
606295712
775098892
1112727346
879520939
897338400
1098624859
776023372
947960673
409752109
576439228
734500495
606625118
853621773
643701232
684489100
255568798
288817318
412889326
157040300
694336840
867264818
1108314975
617814408
78892792
672755268
1103358224
167903287
330858756
539772552
1074436034
759861531
615218378
637346288
857017564
852858699
592052813
833259419
609728824
301125415
470147733
342861059
539713474
794931369
700096894
593344380
490877490
576532142
177231730
284369704
660391628
469635938
546795080
523499121
79005979
569152650
288728649
562689230
571034144
429783987
700539205
649860367
638046875
817872160
760530928
669463207
696495757
309406382
605869614
524194208
816218586
662606340
584317271
628238354
493512566
734831986
583231482
562542628
648307092
559699948
651141307
600330620
407038296
258187587
464337414
713691242
459439292
561528822
275679161
605986722
521384830
616588173
666837463
625107185
418647076
766205370
805826909
546407370
577068241
732900456
506145567
740419785
845410705
518002308
561632280
561862520
638262612
319177538
203171002
1088965138
513059765
582301087
367607783
610538055
626503352
611140036
671469381
512284833
511948990
615390147
601345528
122684145
767409658
221879409
412336272
452211825
807219774
584926946
729525666
610250447
519104546
486628578
818280754
294747404
590066056
795176436
661256853
369339346
602965412
381014889
566403512
449830290
783033162
809439608
318199323
2296070
650344034
653388765
544376505
507303206
573957341
565435676
730990405
547527186
206209322
565137377
467526041
561529880
600450942
605051430
587022117
538444819
385946338
550787684
261028569
840750159
580067611
537249384
634235228
622588250
500656423
165929707
751445302
634604471
677529049
626863977
644328408
571282382
731714670
798110732
588900608
386731387
640400795
686650938
512300135
549862097
561491966
533104265
663711398
468377241
446377069
80003742
754786453
437064223
429238588
617561567
569195191
606486759
649332321
312790961
577364120
615255394
692500851
464440961
691348692
600800796
812698874
564776494
580720322
457398771
694238947
653595997
577321431
590433298
479762048
165140064
608348601
171252806
581008980
703186702
692956483
730451744
659328202
281416996
233867030
412502829
698186331
260133885
788004726
441361812
553731173
307385306
779199698
564489622
543257822
519442092
602338531
514217323
624246734
482912262
449110974
502344747
781819071
508487511
317464889
623017287
799955565
719748600
613258253
832471130
541375734
171626590
608189802
606763974
758338987
752010228
576608846
822997785
564492265
252500602
799439821
788681486
233159738
678172558
578007737
630649733
344900052
655141171
613162560
676844031
765731776
573120581
511002774
558921426
441853450
631799081
319085438
477735744
654274041
523659825
509751273
552376142
431770410
638379169
635184445
350890749
718758583
587367453
412407296
165036680
508304391
445454046
219143506
488859292
775785735
350695154
622362731
560675056
709371681
745221925
570008117
784725109
368568609
551824823
585737731
375747392
369635638
716267843
457104118
388965423
169952131
465053455
607624817
624018478
203104331
572504508
439807439
362040551
537382718
232941315
454107231
674035358
720499935
484222179
253901108
330282180
278469829
379087983
739963392
542858556
480079246
675816456
209386844
714056162
171749934
333051530
131742813
703827117
327672184
584023411
604763129
300722933
639750421
814859748
458335300
598059647
692896360
577554671
774244088
526029191
580549994
620841648
489808237
514271198
371160560
612006766
632930431
597906523
403897392
624234765
462742119
657930829
259417972
255013412
571530444
545961846
300501242
374943262
551222995
534695250
538731297
636205828
277836239
586980601
465170259
231404462
587271976
601652166
480048935
557809123
509532337
548795297
721921714
621164228
813088189
593858242
517888434
346542127
717031284
412846518
335923640
663602908
312742867
187101198
578092287
508274192
756071551
521311201
479707278
526228358
676894269
782389288
595328927
130069
675818773
587740598
301494823
655683818
683684501
585715967
470701023
519541780
332535253
493811739
652004891
228353546
627251058
626027084
606924882
457546984
376104690
616349261
311810337
829867129
643088858
312918353
524954340
733156025
702063026
584679443
476056169
244564739
577182969
206974984
442772150
584694956
785465181
598828463
285045654
586021801
418821803
555670898
604724378
491080044
751214499
161684357
606023461
429876826
715714820
397624060
393154900
597820169
122634774
547231009
234958135
561700505
786582643
563117014
578539129
442782606
446879313
582828340
611591149
754228991
545993565
608433883
195604300
416756083
561361816
249403466
367269173
662746529
304685438
681792789
404687566
160179071
599078234
565398666
441526293
537768812
528112984
320314506
523482298
282781532
665598855
528674151
159639960
336907383
404371144
490316307
529137929
152606248
316135963
173570379
650446122
561106930
532040961
536742622
549170938
668327201
550985178
580295914
338465987
540533857
610113786
559626074
501496266
431299644
503765870
607904039
421365301
376667018
184720957
536413074
527934249
456197455
563899333
565030595
327331053
119506642
554280461
531015741
530717599
417406626
463527159
507445487
608804942
462106014
540162822
485618137
170300099
462496370
246266217
528774698
169110998
270906925
43246975
392871418
535976962
668160019
665937535
406522851
590645780
637767070
294042112
533196249
413264126
402197775
579191553
636486054
485620706
640937694
384162852
435475527
575745264
582287638
542745767
428182795
370264048
535140218
477920792
557278569
562829884
596644541
603617145
286449214
472241833
561281328
504168061
560314679
356110749
409934733
532381448
556306536
544663967
312261085
348141334
389856584
474703799
551185853
374356574
610192770
580430406
603749039
475864261
597932300
351026236
213846976
615500946
324688244
565301062
587129270
640069420
543757947
574663381
597854303
379797776
255253888
431177445
514229602
650002955
421102359
494458865
367840739
342737413
537604470
336712610
524377598
608813031
570186581
515946098
619332800
457375438
595713894
656056848
537374528
265007827
539201859
208251743
146567050
656640195
487309125
601341017
554966039
294118975
714386218
542118168
448069886
222772129
531337083
435564528
610034768
554162496
410426599
250046935
534024740
580238610
576714157
470284312
542788683
533868380
222424725
406839089
546550723
537663463
188221304
708926410
216342730
164161113
492008718
544134986
456001922
465264640
560557690
158037556
105074603
375576833
475500841
549758587
438600431
508932855
303106332
638376451
399621127
316081303
554257199
368072571
580714980
443692770
435400065
309982112
504792784
486255155
604168537
431727701
431380761
465054811
507038241
682727288
160446872
198824798
524367967
600712932
258558025
616945143
456711138
299009404
577416116
265762250
526081191
712431117
569607901
413394096
397642869
607455989
449561528
305765747
595210041
549393758
248536080
166672367
372668073
410937434
524003232
614326515
592878874
141359865
661756626
255152231
567626509
132735994
544497360
330962902
621504375
464459390
299478233
333708689
373559586
262700456
619743532
587736795
465265193
381337375
589248266
690866881
407206815
531432155
595595087
256228291
310873499
216289387
708903756
436003580
474739351
456337314
504128811
255148093
672303768
649290655
648699304
601109743
447627433
613940028
599801706
661119787
618576594
575743320
700668608
295768435
452247101
492163587
261252011
505467715
369918207
567790398
329238424
535414787
453819970
382830034
223535438
205571342
458935839
394415567
614364865
476894868
368875698
438763247
504855569
574771492
608686458
489131637
477016137
567019991
338079027
279786369
563149576
376951450
611358780
716941005
553050564
518417377
409609988
619529240
491026591
534095341
610844597
561197889
134683998
702215951
509200027
554439811
579093708
602080132
558209143
469300558
565369341
395367654
596258169
202344893
610344758
426278745
188974249
350048951
564202306
492693399
639506458
319332223
539237340
441908707
591706032
333072159
578932236
505814313
243266642
586632322
514357335
366778876
221122087
451713363
430886021
600869020
207487508
585948075
522308425
523531065
343664664
494564549
529504293
675441182
583123933
515439720
247257034
521014066
515751633
366383031
538930943
596501875
589130647
483741433
584126927
628286216
358543134
512758964
613206590
677673222
680020769
565052010
579409430
153268435
606864581
619558957
503104677
672962271
415918149
381894242
215663394
523401254
558547414
406625385
615354385
606729905
422878054
526293642
588644754
360901729
690450832
272504513
606504334
333353324
364015774
562123105
437692048
627079999
639555679
552750549
450477492
288934129
602967184
521745168
431037294
563907315
476009890
619571208
392451706
591273117
420730252
189119744
438836221
550748661
440928201
515006049
372090433
502941423
435772400
465114961
635827396
348134604
417790096
598443563
637321188
247438105
675216108
438071590
382953258
214523371
288721843
355937595
588414240
416437052
552737319
465914909
412920356
524487677
467228608
577708702
671941440
445540798
505058772
549367573
577061545
621151460
615136084
575437271
584291932
188109194
413709784
539549427
334948895
196311410
536555127
533207486
448525662
555426466
514275573
601048847
420507706
644159611
276335925
426747263
595141901
528612213
504996327
703600984
564597012
368744113
572459335
458475466
527822213
663247501
319335387
316364122
184325281
273064516
448804596
516964524
501479293
294188322
489528496
415363704
597252492
271460125
385019084
687059246
608451597
702134654
545025711
455558979
294157835
414267878
510549068
222972616
537305736
185552661
369057797
517709423
87327719
415752325
248755906
414634085
417332542
238555535
293995628
620793778
183828952
505411200
580748718
574199589
542114186
539718195
355950673
559625693
501570355
430075281
608960147
441100885
390776732
416791894
503304451
276333814
475459937
437229107
631226662
448529643
304171207
236991368
576644282
328174726
568711642
542583571
232138816
717359534
359026087
585748473
547069020
635568111
403569698
507918638
547060343
171682154
597078489
419260907
427504858
695403883
526799980
627100124
574434909
688528120
464966799
391985855
506786092
247603337
323523112
500484259
354211034
372182592
301783434
560422746
432069434
451064323
534113500
527321379
319305951
594955353
499575132
591321358
453377640
680287529
370733047
398192328
441384224
531841064
386399786
194390150
592643285
258532422
504450080
575338268
647161009
203310378
642652265
427460742
606412953
538570369
296474687
625971824
496306561
554039037
240324686
486271237
465269699
385841424
494299722
678914763
539759820
318173931
576710196
322916653
350225451
567946082
543873975
490266446
637798806
515958606
549130098
345361879
628831603
533937120
369651776
633155524
589016602
234836729
583028360
429904154
134068954
451390644
557154787
576687347
561933404
639987264
691393336
431253763
195322357
633778610
613598528
601790010
266343765
584811846
349870396
297777966
321929910
602874212
575893605
603175126
613000236
507168671
425558581
573661206
465842166
353515425
516552396
612971021
702165162
619292433
527098461
468000890
607808727
241186995
406715975
552620371
451882347
464397361
507723877
155596514
570852237
537467047
579758362
678206222
512821272
489335632
583064738
289110096
383706661
563514348
489103809
413031418
247133741
501935504
563465725
520872818
369641198
600726487
637622828
521141271
570454736
481716032
524594280
394447123
623701589
222427702
568363605
656687581
274194695
416477732
633048550
294658972
269842318
586631231
718268869
635504177
305508319
375550430
546255787
389999670
458005832
528438888
307221495
460214072
255490472
570350650
175472716
589686938
493628547
427456566
241970227
494070651
699336056
464971918
298497943
712732230
473276949
331531792
297171347
151326972
507422440
661218078
373400154
321371571
552618064
509713314
616172609
529220173
614643238
101133290
674367980
390182190
246927519
557505263
464009614
562643155
543721617
216446401
545430845
133512014
340829863
633385417
329249354
372079664
280911886
657616645
585124543
688191503
707905857
315633146
261330764
461770138
445931463
482126587
330244138
632417765
305416789
609070296
217688028
585283842
232558321
484998124
414065989
170244030
481758350
495226151
362879523
557474056
679456406
313550025
345675111
420910116
356636668
414198688
473704423
620772317
308550853
560366851
519723335
428694248
460109357
464976360
463444090
551252071
583518679
506489614
526451010
577622000
685478228
384723606
232681980
352847218
348019526
482116826
377055938
532563926
582652255
245210027
637151481
288629083
465241525
718864087
261169398
540031718
520029146
449532143
601008987
565708686
352815588
659778656
404464241
570644712
520148040
609586749
468698836
351503109
693160274
377260025
554689575
354794567
494043788
549953716
432319776
104168483
619689274
469719115
592504011
518378297
364604829
450197505
311977373
618543135
602782676
202051685
512870868
577320918
282130922
641765232
514502750
311272755
484299852
560020304
434649521
475054781
334567028
422916672
500300297
553635949
377734842
655407584
491737459
536320625
332280680
532136809
514174296
371331530
549018873
665541911
277403537
229452433
617690158
548343115
566953507
573184363
269195849
407506243
414679094
554283582
516914813
680340386
383197159
353848682
334015780
551726155
509668075
357589947
702432611
506673516
453621535
481173091
618844154
672226603
261823228
435791368
422240869
547790694
457057899
385763171
327807562
589971729
509072331
159773814
666744441
324300407
261244824
630557132
468986920
606123302
492411678
670726020
432611138
577920887
655895002
174257276
538100303
647144511
574178497
605347340
571486089
569463190
274037448
620601758
437689683
277980854
563886802
682447899
590517444
338159271
488405431
619818245
312785245
596404877
258445818
479430149
587632000
570951871
467102320
500602742
547392729
442218988
400873227
491117571
572072077
413865540
138153736
303225066
241085560
621310806
351631815
363422231
531452958
542722953
620250707
623371193
326603147
447884290
590743145
260219707
505043283
660394676
529673059
482330744
658303456
617069323
582622407
549279117
480799865
608552790
468868533
274815381
656784485
570036867
658962855
550755471
575108156
561482657
563146872
499945313
379751502
667340543
560811049
591179363
319543504
138892033
612041355
574260924
405907524
598724012
382044719
322233785
570612809
440895396
450422094
228575410
561974173
507459085
334497394
497343303
393105778
516381762
597024179
394441993
476431313
193649641
303631324
527048644
252988985
250771961
606639369
546997022
470167169
437178842
567455453
613019198
425853668
499957365
665522797
527359604
402567136
269144987
712135246
623089152
586341333
464936730
277724505
398487542
479092083
515529800
567745994
374795392
389704621
320237905
257739354
401470355
506933462
282814920
580192005
231222292
700749698
571007591
561084249
588153060
336440607
621160744
374724685
516555073
540675199
639006428
627134568
454870638
373798348
282529842
502108859
341850449
208986943
509042140
670171837
208148682
261589082
273083045
486501022
594734390
262420753
550937981
342944815
511920508
605778184
448536385
471477185
523642341
503957164
402885094
575257964
343393004
526434018
473058480
538591955
62810457
545982535
615638430
459293659
704263579
565685358
380957543
422601123
595584050
485797113
437132305
436873814
574107253
460357197
474555160
362012076
374726282
283879565
473505739
588118659
648051767
328257145
587967762
244439785
427714441
522278212
424405077
496798638
213114935
675658877
432587405
581767895
505361712
529618895
382949075
258817029
455923358
539856896
663319294
357585215
317000150
394966031
489938046
513624841
297398159
294124431
271519921
465815514
517211918
600310029
343221676
426771578
503562715
515207457
319213576
303643578
590309070
542398895
499257697
535743632
237437978
533519967
495582171
554612319
282600666
295629910
556227068
449183989
611590823
445101953
300726570
236376417
160435931
433866080
611845815
460451839
551882816
590077204
479741312
445323435
622671146
192066690
505998250
689091624
379372355
353328797
626644758
403141025
600084695
275472443
559963379
544327061
218612808
341225441
376207269
256444255
337293236
498190259
545994488
442363799
376558646
239827061
708501179
589972613
676000714
210069044
512613428
436805426
465538926
285596762
216646769
478945256
334896803
168500335
566962313
426095731
678880778
354036192
574665047
552392666
540814984
335490060
359259079
339502359
471221833
365085439
440406943
271047613
429650492
529680734
533130727
386199334
650614802
416522716
253923532
523058514
604282132
250185872
411127050
459206356
231281377
374524689
539676621
358046442
560013804
607984969
689557052
197308925
549415952
217276078
668223969
366286043
395497505
451007012
593781968
388682221
545088978
593934657
559852784
472658430
519290972
476228535
389289105
689403254
321180933
535038346
325441574
701448785
539031217
316057943
296983502
540028731
389865417
448394591
348372643
561622405
483282759
402115663
541842063
587118319
432064916
482852647
718045395
534509172
561434548
190296105
235013604
660706917
266111560
535033555
371182443
535003244
503931297
449984340
553234984
317167193
461624153
409792496
714491095
616084859
552253249
432949478
332545371
478379765
454648293
155831051
293996663
536356785
447775734
567449227
580245750
550028204
540170657
600581793
486238017
382229096
502074484
551104464
689622996
604211353
553273812
349161150
532507337
475987079
594754326
529645368
214907426
37896533
643525742
465409514
546362140
583066337
273964433
462974966
469843706
515958044
427531580
568848114
534200653
660999789
356994272
494214970
620708340
475112259
567289716
616884382
406958682
504717654
583055195
328395157
505839585
554067647
377627168
576444263
716834554
456627496
154885953
232282461
548135406
586723052
464190803
495327420
572817042
315376672
498890143
441217451
444893688
399286780
564307699
285789888
469450973
484908869
517439863
462327299
477539756
621550485
547900290
327927279
507300422
699540765
550484870
465445340
709862160
487537242
442123916
547668394
549213403
362645535
444215284
195373099
535326876
402370689
478812231
265068270
645700341
523089322
701914457
353612044
476986759
525104604
240948071
295342858
326994331
586173274
566357700
539480196
552472614
461083642
208806508
491575292
583153605
617648012
540714673
589546623
242493274
591305316
480770826
499736955
487818761
277400293
459256028
463718429
560853491
542619532
213605096
532397353
170448414
561616107
435357448
532254658
645730782
472458507
582091572
617167815
321780576
628164810
247023188
547734019
381883095
587991198
321316840
412223208
555830573
646349082
365350129
398894321
583943804
369038018
450704732
526689435
544956040
526622585
681898340
449071889
554250541
275476970
184331252
625939313
363620623
257755431
222332584
611222292
180542303
353396796
170513833
530333171
585003205
522050034
382695491
564995009
535829636
520281277
407740790
536547078
234147337
533956843
608466160
500770438
495504734
480787633
616343467
648717764
286618507
530927285
519607440
638078842
574375171
225036071
519164967
562503400
639778179
519168944
615633975
304396539
665472815
561785539
402490778
643481833
298551481
590056017
328848383
358505056
237561314
567867659
552179011
473270754
645067638
437755245
447922852
580279403
560711769
590116215
216329223
582529739
338606047
570411990
543356941
678243667
386610595
610568361
396221122
539710976
707633592
571879015
524523735
589133838
257793112
655826459
247193004
590326093
420394515
415358563
190749772
629982816
502944936
227438506
441291996
545017499
541686537
550629357
587161298
470852186
469585098
370178542
510877695
578927040
663462990
449867349
628098850
526635128
524178686
252008999
529244629
344612174
647348380
359009257
558892571
562974322
572154089
523497438
319399865
618410898
481007417
602377262
656924862
605342706
516230082
564504108
168610288
302061011
660285730
583838457
492466222
423278560
275722680
323105425
496351615
593444000
374933687
615108632
661874705
536116465
636996032
554053819
598209798
558099385
615571915
665118404
618259437
286938945
317305573
562006465
487941537
508696826
431367953
252811833
532143178
309085725
580625398
485421485
281694340
465241658
281346039
710689787
484290066
355760407
503376580
279408824
633865891
638206643
496884234
578251106
660696971
485171532
462975800
462677064
252215856
312215504
523856703
579655996
521554865
594966979
605224664
415921834
653796380
169165161
374978807
247716832
565013911
467147879
193352999
651745358
355729526
631795641
261516888
529240374
412465283
456748228
571345546
451314031
570982524
694957617
494883469
411870260
366230115
528646241
511428042
556509008
602801432
669479934
502942595
438193173
206762836
619448208
353278267
255878927
454670625
585122284
413912585
590289106
576175576
26192485
337991583
497965112
492803661
552298451
504902750
363400002
311960039
546719071
615622241
621719593
587804036
444287341
494470374
513682716
539730737
569584290
286338101
554131260
286700685
598429824
553673961
653114916
515197457
213411443
105797866
656031524
440862556
622715530
391044165
455492300
561827759
600883165
609035607
651885675
303575198
299990418
679063045
243632412
533229764
601134412
551164291
331808187
507562291
324231538
478493871
686744751
560405333
561147866
189195685
343094465
527083380
180491776
658184739
484593578
637125017
328920455
467052039
472763168
515666251
190562792
561307148
445414938
312216656
699820155
597364265
408083322
518874240
152492064
624506923
531873625
560360408
312907371
589186706
546648082
306005737
367595710
489318971
307772388
613464412
364277400
208081511
611892444
588433508
420182402
306930807
292717937
540329564
596039621
280053008
535701476
324533090
539653996
390524867
555144634
427245883
503131562
482646021
360785956
677436412
501902768
615203425
659608005
674886895
440304105
407646325
556444023
355444538
257548324
703015141
334686928
550583536
517718017
571374130
613912545
660360021
518209159
510487693
669585005
366611329
280796949
544597595
474989943
472830802
577470640
348870424
442707145
540174415
595559308
674685272
409515635
477785528
287966384
344458905
433014948
404108269
284953439
519114102
553946416
288055588
650425161
483460119
634587661
520117966
224911192
664478925
291872534
241031030
574277580
264168530
476589097
466284956
309424210
486153268
543239245
450588892
499076994
302014224
204108455
338790839
640359122
241226094
408584693
689468034
654320593
550534370
461463767
517791681
621791170
251900294
485010097
514911292
330930990
497390966
681841946
387845341
534118802
308364893
567226436
316181942
509721696
619961791
367361352
544082978
658551627
532970664
375489355
185661593
513460163
372410387
402216729
286094981
665787957
342885419
634857160
573936718
269186352
554737456
569271717
353169881
275191704
530649492
404040111
629698644
634346573
440244209
647630207
593125263
556296685
570473729
533204548
314331885
350155786
475039137
469061744
312716782
507407716
471215213
635206397
483910513
537325386
260157329
384622478
640699872
629700571
590831247
516857650
223220890
240543039
617707272
284175603
657916346
409661407
576705813
324487122
665530563
539645364
654767166
495064431
538733338
579821355
429694301
547074645
667191694
465215998
574249025
445635607
570744256
389053121
487214497
606427224
589617505
525720720
244833649
701973517
267490236
608437660
563713717
590931041
413904581
552010663
405574663
362118587
603334222
304163056
277907018
77050868
682634560
553779816
515540840
287418918
516210592
616586042
288650784
473731802
569269101
508585875
583113766
465131520
542170439
589256566
494248426
246719330
314366236
339339209
358647830
323269072
179866200
707268421
1418400
466395775
586512198
521649071
666299613
428126535
449678918
456092858
512756975
383627623
555388724
592470796
404866483
539581840
616080968
532215956
45315513
275520102
515197570
570074495
574986938
413643123
687371507
568849023
331089607
319920650
553956116
653106624
577591024
242011699
235934640
396316795
466620849
678182624
314598336
410110178
615362903
174073099
621806502
486770995
407711003
223043689
443765003
294190875
203871555
547566609
448586458
662925261
579539242
634749905
426906331
297493580
433283481
293980421
563169610
503610074
533382113
210264630
578179896
632926568
507251668
521244406
516798714
645567564
400505092
504887413
380661197
518916875
591768705
304254897
671004148
505248942
249168615
131697888
527566730
547301824
467499761
553598723
517867527
647125460
453112001
510773890
576009940
585664524
676504246
586322829
592621284
577924464
707232626
373119319
576431320
513114134
616209885
640886505
546633368
483685578
588527544
345945592
365175952
399292791
445510504
557384292
548775880
412249902
606554248
445959348
633442490
571627069
585712280
217829045
236553777
577441456
315272373
411295928
458830046
563566584
307326306
396928151
234698270
576336779
482334880
474425310
310542129
419639221
405050628
257472291
355326401
561967211
381663446
138182403
284265066
564882662
588712317
570093326
533720461
345414425
606423312
657661227
613131193
466263975
582632909
540685104
502652498
531130569
621305207
254511245
602853548
438787121
610784573
387209609
307187441
504647754
436958549
464954075
538896710
711234110
93967020
660901086
483006187
422998922
576995672
547844139
412752914
269866347
212746591
631268632
334928311
554731773
296029877
496619275
218406527
615582256
538363213
556294119
418600055
280181978
511102130
514825501
385082415
626235551
513281177
537700104
640057786
596234032
549778406
579799685
235940128
535167083
458522879
423400643
298840919
266809789
439896801
376580319
445017273
655845251
119799993
597356635
193527711
600935140
565874113
619160643
585175828
683731821
456872511
501687159
544260198
248582562
507974104
495189600
607704349
532784190
541161804
265904760
530328849
288065461
457999926
498296806
618345602
363818444
705524334
563915361
590716740
632082971
339398811
593290618
402510046
624123321
396125445
557135491
520970728
221097626
635404145
416748063
272936432
202649213
394886666
332733490
539490382
612232200
411707121
575785510
547384360
352084104
591928793
672822608
430340479
393576772
444923679
205356283
568290953
338058887
288921339
400823725
562973183
636510044
484276360
283174500
532237865
531087363
437475872
224228150
470583955
606063432
607725371
392948115
509595851
687530241
510246008
537547397
417537265
400827022
556950588
560006512
469514748
564426415
238190183
519398496
609627263
527203536
497890286
677195589
668786577
570297197
626654414
297688959
22555582
183245463
425022484
535857617
338100470
648840712
486594461
468367772
551408657
548195638
529747373
434111975
591040316
679311168
507602880
261639235
636007721
519788284
606487094
439158689
365643902
554376164
470370116
540463221
471183430
547787476
546733884
374674932
618872508
365517430
540453422
447064237
320340062
359406921
634531783
656581431
495656740
388358533
402560949
499110280
661547874
633161187
422681520
544986492
603571554
132047193
375240547
606990699
356189362
519669306
603983039
505684531
229548761
599710653
676024870
360045386
431792417
622790349
695043795
432595311
501697307
61970451
276087415
600912979
451117003
305068466
624121133
551386131
513326333
687022785
344308694
387960456
417773533
404448587
485420649
583157205
459638136
454159952
663542935
587912054
474201267
623567022
524024839
539198140
596422907
318076669
650896414
391050074
437387388
320521141
286918285
331111009
487646879
523501548
437713186
721867722
265597421
623400576
671934056
483485348
467491750
499535751
665239979
452639208
557723952
663034764
455720188
570045139
552811573
610418169
346397041
324250969
485822559
514863063
618674342
547512232
609305037
700038440
432975709
524204953
358122479
652585481
445269959
605847368
605857598
693375559
552967954
505276750
300286798
179774760
431837145
670973445
474258904
345088187
473831108
676043435
549447809
270511820
709789919
324010635
575323602
506035364
543929004
548521276
492768425
654161851
370328812
139113448
612627786
315403967
437751504
527101582
526589426
559653614
398857798
434186468
532963791
282948292
632802758
332758114
494338838
458523902
405207236
444853339
638057287
451359900
442872854
561184788
458970049
190322439
687099649
519884254
152990999
377276282
344199604
515981204
673450957
600758352
527346450
483475717
536505500
525015275
580564720
431543734
469622612
495747292
334666143
628707076
592751655
551571145
526859017
646654800
620618591
552612813
415341919
603067855
630504036
536404477
461614613
660849782
599123258
592801341
263384193
461618621
558039234
586364118
560975111
564672895
612874707
210157226
599551192
559235620
523532198
553461689
433203821
510705159
510182601
436959058
313843052
458646988
252575425
622708208
368986099
643824538
599560543
510501571
455363462
455362591
449192014
409195351
574524460
591011268
613159123
88251215
561428228
167873037
535182531
511678769
459388916
661442179
549352355
737761350
445177173
455351740
554144029
283326172
295661168
569967243
376374294
380062656
589342663
318849100
521214066
568468050
204314085
511262255
276996043
633810879
547517735
556324609
351011221
554559054
618058286
497990683
511903016
633006207
673567113
253949830
578526902
504298273
586199585
516831663
655892082
583067490
608428926
635458603
349683358
693641172
605794827
271783240
411634934
165487895
547824449
383022941
512880541
564509601
437298578
399338319
187747230
552882498
306201996
293360715
546216372
729874730
477810235
555250449
286106178
428047280
299601363
604558664
516453914
705174893
591514137
296293076
656387900
522570651
472720407
596468530
621274193
271037524
571814390
383100100
614769800
399156692
430859599
577415548
310131713
587901984
271098780
542859128
734707769
154205683
314208496
624678706
390246491
364577069
381373405
222706598
343680594
518640348
680874403
548324339
356157385
514394804
187983672
646251904
697570929
587648640
705857993
532225950
255187368
682511236
422091834
598510990
592372371
507103056
485926027
584180096
337020857
606246290
271148704
224516664
570821904
561219815
426328921
345300708
319010014
646858287
590960748
360881524
514520205
73197583
728675601
684993730
469523601
641245919
318060142
248330655
306912725
377057963
203574150
680602494
326271918
326426541
745615087
451465830
267588729
514898189
698803112
450955713
676398072
560085251
623407103
297279618
473747979
482840623
231211435
355168417
596641502
627806434
372616370
738475392
523686592
311982626
595187032
664843886
464601770
663057757
546213740
443288957
626718674
423276281
464925083
557404970
121432800
618571044
634835348
588896581
720213655
613714199
618621790
681316300
572441808
591081023
443494260
482894812
546863238
306669888
595449087
546409867
481992725
569298802
577124746
665013523
407134036
421587914
549230045
594078192
505949957
336115177
634320035
329420760
590599360
602317657
263706770
660097565
248756226
465877605
530721465
539282320
412827944
666025449
638474244
301637017
533192241
565130214
634476915
561256192
604826649
439258714
624876034
384528761
532559819
519025448
559705731
434264794
513569606
3131987
504017059
560950050
620918204
506493757
456387681
540252077
684876322
439472517
677461041
639367085
519546996
679831641
546298738
598680773
444877018
360600190
557086423
525169129
501526209
332464878
277909001
323692027
409267049
573110448
289663752
684176032
511657231
463586810
251134131
322848570
747457998
308710616
563398063
467658994
426191507
427078286
401325998
208547639
576841085
575241538
498958323
309173082
256045801
538331182
387489645
573796066
519201556
351798334
735750126
639350679
598052265
558317103
624965361
507219749
519266356
566321195
471085639
613771759
316388000
504312459
475034248
298102101
321914156
540012003
434028446
432390636
434662787
606857003
477013357
349095254
355918409
589927538
655832142
657863442
385789667
398972562
495739643
593294310
734983113
574583758
371446975
311060862
464450884
219463972
567762890
615959653
431390651
547649783
228447039
406392610
532358819
644343816
669690450
631401715
691332587
574132135
640943008
341371570
549941024
600573537
455731644
617710480
574299079
661001060
560573393
307440857
502966824
499410409
583427498
286749709
243076741
499557378
524616390
201988479
682948264
495133093
523705063
424026960
332338111
574617126
502837028
664068686
699016211
492993512
694556044
589376712
386710705
327874725
651785797
606567048
230265577
386728403
407143640
540718479
425828128
547112185
558095756
257584670
252102805
119546181
504231706
492249226
513934688
517261976
532389055
436802092
440239937
615710172
545717414
631911460
508436241
640561631
540027803
372273174
587709397
594016844
462855978
616132331
232599572
646550826
466209118
642157041
341273927
353837590
465297954
218731357
507248712
590375964
612196372
540554058
576219251
427222032
643364205
389756900
538543212
544454693
554794103
645799168
591615443
610285940
530309255
687249658
429714707
162050007
634219096
374535930
274615556
559833322
379515642
470315856
552814482
395780887
421914187
228183329
539039316
568284393
573655824
537272327
301478199
196685363
580415576
582595905
518239866
697696597
562651981
678372497
343232975
246241128
469941292
575875537
504352097
423397744
449678332
646803683
556959700
599779751
479298986
617192584
578565570
271817393
547750019
395963394
479674153
408743484
174486059
525231530
321756749
537577092
598118964
301155828
463958168
637194519
273459073
549719465
583955321
607676236
617778454
643544494
529133708
582981607
648449961
743811450
644977152
609948743
513679684
419871849
313691805
575177462
741416183
219084653
509916145
275527289
635412249
408059596
366315149
592974796
599696189
648113240
601025663
595216879
141104431
576172237
651083517
379850379
500240260
524124906
668643887
567826962
610975582
214405104
97507248
526955023
528443717
546950055
611643842
607060062
497086817
193499957
582762363
549785492
624744277
573540442
496152086
284160414
692298317
561527459
564653887
285208430
600685774
621501521
372261359
328777522
622543643
580698111
475409985
488763778
637163603
389091923
359711744
504179970
626651669
592337724
516378784
199342627
257987923
179466042
535460391
557580499
541639195
472730770
522173836
385704197
520825471
519529394
443724250
567192487
595331594
483461967
327913095
668925035
538581309
590495545
312381711
662255372
569988408
575512853
559819145
365362561
639146398
503254822
373527825
320091277
520924898
329767935
464460018
344647107
222309351
584391828
481114035
605809252
701731060
579551983
327811650
351504729
590433110
178193824
428578210
555004073
270155246
567437639
710008592
519900007
360070440
574911123
538153848
357287717
359437141
318634658
602100453
656484225
401652648
289282822
629768400
660648123
615622522
473946438
268994795
430199274
632804184
560654423
541219191
327530680
217087655
655700369
430471108
550243887
280565047
656574990
382863897
634516599
440104887
323241667
571516040
433786613
369469789
367314796
512585045
672173558
452778278
546866832
572762825
348726219
660434875
330159245
706936286
531829958
664086323
668499069
619124586
456474732
335081706
340468678
539868541
502551555
485094155
540912302
642600483
544179069
679808795
587940571
237378257
541483663
572693089
561113653
374584909
681439118
569608841
278057105
503719848
421089593
306773947
613426561
608115851
327988388
168309183
315450891
384988845
607801396
281346501
600887181
535169153
432518276
609292942
660993924
672010328
228980881
484393370
546090587
212984242
566812134
383712142
599575870
472292212
507276344
561368076
174654076
629023132
572826084
673578496
572267799
697531456
567403190
587273389
345960759
552260024
660347298
503110652
662673579
466143564
624198496
461333556
663289162
481037256
315018831
511332934
386568852
620292497
621260203
489855168
591044331
396610181
586453738
604261811
382787608
274530704
587317312
506656280
612570087
591419525
521102662
456383179
649056047
592091854
448787971
290615409
446593176
502840599
537758562
576979374
387238838
530902714
650841571
450670124
451782229
516355654
693785043
376071109
281023843
462203642
697818029
647540823
503331285
551547125
359691275
404262607
518383672
565329897
529027784
517588087
337846473
575146553
515808662
570362440
259883033
347402937
488643530
274025301
485066031
300534245
607058245
521094500
566613602
281189947
585995998
217950097
390597307
562011691
566598013
529036978
532196301
561863585
547956520
559032024
614611909
393266606
378351884
458192978
287008262
184775092
586973604
359771282
462133014
275339237
510320593
558331621
598753271
481454974
617144910
336452660
737947690
520363465
577858247
696051282
241226472
578139410
224026570
650082719
324170044
550880427
191083296
236389988
578380088
732910015
539241990
455727465
556826656
605921039
580497702
547873651
594280957
555304983
574916396
622071797
540086546
544611888
513788678
581843907
284697129
678388473
709922360
433471439
614864751
659425007
486005058
311682749
520456708
424917878
541679050
362325623
257066255
408601392
532947233
352365705
432594275
555081367
533214055
680953987
476976475
396306178
499567744
741612605
278665575
347222349
559050028
436914846
612433844
547613819
376743676
581594384
613615861
539331231
545111026
76060247
375743650
395815607
589093999
577464857
391660950
672658180
435734281
692587187
344718926
648333101
600124097
170643411
214060594
299347178
722884628
556720393
453354391
568083236
350696796
204818757
540620238
507454087
581765173
533380829
457442097
640128628
595543504
532914289
330148839
548163559
559160132
499306949
622050113
220384343
366490381
546390558
536442950
318062013
517958961
384113442
568708234
613196656
580415664
574454061
218279568
615909083
606694691
676344254
525398429
689902861
555606660
479577202
543223324
635485793
676438158
651363886
597507170
547570075
687465061
498064016
582126226
546346428
577273240
623626593
239802747
324363078
362559298
576018790
388373640
548545453
569977474
467329501
719161608
575492677
512436772
592845733
282359449
503770232
432046051
397296694
488079305
361052685
367639089
493628196
546212005
639296834
463397455
523231652
607670571
460249756
510826199
698453796
361988189
673454605
553379585
290823189
83446073
519129795
534056263
225252382
139276550
564138310
514657895
686676165
486485929
509495040
353747551
506286820
448293988
409181527
258968847
546949840
463516337
578063755
622942987
472594839
327303215
604669193
342895187
524616213
432498516
468391805
479086921
419385291
111255821
522062098
230428173
549459474
546437834
605317839
414108450
529629900
661140889
258729500
701649831
474949560
513623915
447583384
550215421
326466191
462016787
545860666
212669648
376047666
500136159
681989544
535869156
441552769
645183265
237954254
304569428
364758130
633926287
719021054
518472543
753997528
280333357
708310990
453376933
567704529
515448526
587664340
573978877
624100283
546356781
656635697
352782967
583477964
624410266
370498105
548338325
608218418
507773502
402093604
523712905
522616173
219433260
383148752
731577690
604247510
658230424
162902493
579663554
610436139
561306135
590097638
639185804
525690891
718833151
189240313
261373393
636653609
436552045
549130246
502601339
438109936
236794918
530067148
737794407
407089700
517114496
523649529
582808394
686447002
541867167
250066969
348924709
530968423
635805708
615632158
362850432
690662633
372753438
432608911
496950790
451456141
564555381
402513451
648889788
592488072
780337099
596631926
731953585
562568972
509769592
424187274
493612603
783359133
749653374
627079990
394856877
439030314
284649018
751162560
569188765
614533990
285312462
523889635
537824790
553295186
683902645
308544864
451824418
474081900
522808773
289529500
534835988
523713458
561102677
703712729
571190898
804071289
746621345
629397630
591317078
708824969
634821155
618202596
787738099
582175524
650000187
431866184
748323734
399547369
555766712
528854585
607885838
688769888
516800781
571845739
179158971
500242942
343738582
782378130
555768306
809094989
653140705
701183918
604813075
692072997
672608762
624321423
734859225
633674466
608614463
598343089
574604694
602783018
574295322
621085008
683031652
738238190
702389437
430500979
-
250937296
611643113
613002473
616056389
732482535
593090758
673648144
618243088
555749993
661682068
604108639
491778054
704008298
563508317
668254663
648115461
642543093
610645511
716290661
576029404
603637116
285644785
706910372
550424223
683337012
583764788
346350639
676809293
608561521
630954911
568471259
649849696
715356629
630991312
629548900
584837531
532842750
485918348
442246040
231828877
532981640
700419428
641673033
354154530
515402990
638247709
588587789
579109885
544913423
399372553
648892426
676856533
541128489
605034407
609523784
551252158
616958575
523665017
689570627
500183440
324196980
718505169
718505169
324196980
500183440
689570627
523665017
616958575
551252158
609523784
605034407
541128489
676856533
648892426
399372553
544913423
579109885
588587789
638247709
515402990
354154530
641673033
700419428
532981640
231828877
442246040
485918348
532842750
584837531
629548900
630991312
715356629
649849696
568471259
630954911
608561521
676809293
346350639
583764788
683337012
550424223
706910372
285644785
603637116
576029404
716290661
610645511
642543093
648115461
668254663
563508317
704008298
491778054
604108639
661682068
555749993
618243088
673648144
593090758
732482535
616056389
613002473
611643113
250937296
-


250937296
611643113
613002473
616056389
732482535
593090758
673648144
618243088
