482245996
280583919
584523132
530616045
844408908
881085580
779461137
663203359
484164044
306912725
73197583
353181747
431871172
818988824
704082440
1089788690
409520741
592556964
1112594858
841840764
749993206
681796653
401647893
277096408
1056169221
542750239
1117074211
521772976
597189521
418423821
634436525
212209791
530525092
1103215533
587006233
1082076810
818847003
531461852
631075546
1103358224
1081256496
302631330
527457829
288817318
380834565
325871778
658294362
1076431277
284280913
390561925
591365514
462958413
450952229
779495907
1092386598
484372459
754459596
297382732
1055431001
278624796
791348227
1023415779
1047565323
867939136
333058059
813190476
780180577
542446901
784871894
1083351394
1072368693
432426804
662394769
1088144929
490735889
515653847
812073219
1086509380
1061134513
700757557
1043991434
1074436034
1112478551
547697396
852858699
1068889175
617483095
592052813
1108314975
1106064877
867392345
811121441
867178033
805627153
1112242207
